A 0.587785252292475 0.000000000000000 0.000000000000000 -0.190983005625049 0.000000000000000 0.809016994374951
V 0.587785252292475 0.000000000000000 0.000000000000000 -0.809016994374944 0.000000000000000 -0.190983005625049
B 0.000000000000000 -0.190983005625049 -0.587785252292475 0.000000000000000 0.000000000000000 0.809016994374951
B 0.951056516295152 0.500000000000004 0.587785252292475 0.000000000000000 0.000000000000000 0.809016994374951
U 0.000000000000000 -0.809016994374944 0.587785252292475 0.000000000000000 0.587785252292475 -0.618033988749887
U 0.000000000000000 -0.809016994374944 -0.587785252292475 0.000000000000000 0.000000000000000 -0.190983005625049
A -0.587785252292475 0.000000000000000 -0.951056516295152 0.500000000000004 0.000000000000000 0.809016994374951
A 0.587785252292475 0.000000000000000 0.951056516295152 0.500000000000004 1.538841768587619 -0.309016994374940
U 0.951056516295152 0.500000000000004 0.000000000000000 0.809016994374951 0.587785252292475 1.000000000000000
B 0.587785252292475 -0.618033988749887 0.587785252292475 0.000000000000000 1.538841768587619 -0.309016994374940
V 0.951056516295152 -1.118033988749891 0.000000000000000 -0.809016994374944 0.587785252292475 -0.618033988749887
V -0.587785252292475 0.000000000000000 0.000000000000000 -0.809016994374944 -0.587785252292475 -0.618033988749887
B -0.951056516295152 0.500000000000004 -0.587785252292475 0.000000000000000 -1.538841768587620 -0.309016994374940
V 0.000000000000000 0.809016994374951 -0.951056516295152 0.500000000000004 -0.587785252292475 1.000000000000000
B 0.951056516295152 0.500000000000004 1.538841768587619 0.690983005625053 1.538841768587619 -0.309016994374940
B 0.587785252292475 1.000000000000000 0.000000000000000 0.809016994374951 0.000000000000000 1.809016994374943
V 0.951056516295152 1.499999999999997 0.951056516295152 0.500000000000004 0.587785252292475 1.000000000000000
A 0.951056516295152 -1.118033988749891 0.587785252292475 -0.618033988749887 1.538841768587619 -0.309016994374940
A 0.000000000000000 -1.427050983124831 0.000000000000000 -0.809016994374944 0.951056516295152 -1.118033988749891
U 0.000000000000000 -0.809016994374944 -0.951056516295152 -1.118033988749891 -0.587785252292475 -0.618033988749887
A -0.587785252292475 0.000000000000000 -0.587785252292475 -0.618033988749887 -1.538841768587620 -0.309016994374940
A -1.538841768587620 0.690983005625053 -0.951056516295152 0.500000000000004 -1.538841768587620 -0.309016994374940
U -0.951056516295152 0.500000000000004 -0.951056516295152 1.499999999999997 -0.587785252292475 1.000000000000000
A 0.000000000000000 0.809016994374951 -0.587785252292475 1.000000000000000 0.000000000000000 1.809016994374943
A 1.538841768587619 0.690983005625053 0.951056516295152 0.500000000000004 0.951056516295152 1.499999999999997
A 1.538841768587619 0.690983005625053 2.126627020880094 0.500000000000004 1.538841768587619 -0.309016994374940
A 0.951056516295152 1.499999999999997 0.587785252292475 1.000000000000000 0.000000000000000 1.809016994374943
B 1.538841768587619 -1.309016994374940 0.951056516295152 -1.118033988749891 1.538841768587619 -0.309016994374940
B 0.000000000000000 -0.809016994374944 0.000000000000000 -1.427050983124831 -0.951056516295152 -1.118033988749891
B 0.363271264002677 -1.927050983124832 0.000000000000000 -1.427050983124831 0.951056516295152 -1.118033988749891
B -0.587785252292475 -0.618033988749887 -0.951056516295152 -1.118033988749891 -1.538841768587620 -0.309016994374940
B -0.951056516295152 0.500000000000004 -1.538841768587620 0.690983005625053 -0.951056516295152 1.499999999999997
B -2.126627020880093 0.500000000000004 -1.538841768587620 0.690983005625053 -1.538841768587620 -0.309016994374940
B -0.587785252292475 1.000000000000000 -0.951056516295152 1.499999999999997 0.000000000000000 1.809016994374943
B 1.902113032590297 1.190983005625049 1.538841768587619 0.690983005625053 0.951056516295152 1.499999999999997
V 1.538841768587619 0.690983005625053 2.489898284882772 1.000000000000000 2.126627020880094 0.500000000000004
B 2.126627020880094 0.500000000000004 2.489898284882772 0.000000000000000 1.538841768587619 -0.309016994374940
B 0.951056516295152 2.118033988749891 0.951056516295152 1.499999999999997 0.000000000000000 1.809016994374943
U 1.538841768587619 -1.927050983124832 0.951056516295152 -1.118033988749891 1.538841768587619 -1.309016994374940
A 2.126627020880094 -1.118033988749891 1.538841768587619 -1.309016994374940 1.538841768587619 -0.309016994374940
A 0.000000000000000 -1.427050983124831 -0.363271264002677 -1.927050983124832 -0.951056516295152 -1.118033988749891
U 0.000000000000000 -2.427050983124831 0.000000000000000 -1.427050983124831 0.363271264002677 -1.927050983124832
A 0.951056516295152 -2.118033988749885 0.363271264002677 -1.927050983124832 0.951056516295152 -1.118033988749891
A -0.951056516295152 -1.118033988749891 -1.538841768587620 -1.309016994374940 -1.538841768587620 -0.309016994374940
A -1.538841768587620 0.690983005625053 -1.902113032590301 1.190983005625049 -0.951056516295152 1.499999999999997
U -2.489898284882772 1.000000000000000 -1.538841768587620 0.690983005625053 -2.126627020880093 0.500000000000004
A -2.489898284882772 0.000000000000000 -2.126627020880093 0.500000000000004 -1.538841768587620 -0.309016994374940
A -0.951056516295152 1.499999999999997 -0.951056516295152 2.118033988749891 0.000000000000000 1.809016994374943
U 2.489898284882772 1.000000000000000 1.538841768587619 0.690983005625053 1.902113032590297 1.190983005625049
A 1.902113032590297 1.809016994374943 1.902113032590297 1.190983005625049 0.951056516295152 1.499999999999997
U 2.489898284882772 1.000000000000000 2.489898284882772 0.000000000000000 2.126627020880094 0.500000000000004
A 2.489898284882772 0.000000000000000 2.489898284882772 -0.618033988749887 1.538841768587619 -0.309016994374940
U 1.538841768587619 2.309016994374940 0.951056516295152 1.499999999999997 0.951056516295152 2.118033988749891
A 0.587785252292475 2.618033988749887 0.951056516295152 2.118033988749891 0.000000000000000 1.809016994374943
B 1.538841768587619 -1.927050983124832 0.951056516295152 -2.118033988749885 0.951056516295152 -1.118033988749891
V 2.126627020880094 -1.118033988749891 1.538841768587619 -1.927050983124832 1.538841768587619 -1.309016994374940
B 2.489898284882772 -0.618033988749887 2.126627020880094 -1.118033988749891 1.538841768587619 -0.309016994374940
V 0.000000000000000 -1.427050983124831 0.000000000000000 -2.427050983124831 -0.363271264002677 -1.927050983124832
B -0.363271264002677 -1.927050983124832 -0.951056516295152 -2.118033988749885 -0.951056516295152 -1.118033988749891
V 0.951056516295152 -2.118033988749885 0.000000000000000 -2.427050983124831 0.363271264002677 -1.927050983124832
V -0.951056516295152 -1.118033988749891 -1.538841768587620 -1.927050983124832 -1.538841768587620 -1.309016994374940
B -1.538841768587620 -1.309016994374940 -2.126627020880093 -1.118033988749891 -1.538841768587620 -0.309016994374940
V -1.538841768587620 0.690983005625053 -2.489898284882772 1.000000000000000 -1.902113032590301 1.190983005625049
B -1.902113032590301 1.190983005625049 -1.902113032590301 1.809016994374943 -0.951056516295152 1.499999999999997
V -2.489898284882772 0.000000000000000 -2.489898284882772 1.000000000000000 -2.126627020880093 0.500000000000004
B -2.489898284882772 -0.618033988749887 -2.489898284882772 0.000000000000000 -1.538841768587620 -0.309016994374940
V -0.951056516295152 1.499999999999997 -1.538841768587620 2.309016994374940 -0.951056516295152 2.118033988749891
B -0.951056516295152 2.118033988749891 -0.587785252292475 2.618033988749887 0.000000000000000 1.809016994374943
V 1.902113032590297 1.809016994374943 2.489898284882772 1.000000000000000 1.902113032590297 1.190983005625049
B 1.538841768587619 2.309016994374940 1.902113032590297 1.809016994374943 0.951056516295152 1.499999999999997
V 0.587785252292475 2.618033988749887 1.538841768587619 2.309016994374940 0.951056516295152 2.118033988749891
B 0.000000000000000 2.809016994374943 0.587785252292475 2.618033988749887 0.000000000000000 1.809016994374943
U 0.000000000000000 -2.427050983124831 -0.951056516295152 -2.118033988749885 -0.363271264002677 -1.927050983124832
A -0.951056516295152 -2.118033988749885 -1.538841768587620 -1.927050983124832 -0.951056516295152 -1.118033988749891
U -1.538841768587620 -1.927050983124832 -2.126627020880093 -1.118033988749891 -1.538841768587620 -1.309016994374940
A -2.126627020880093 -1.118033988749891 -2.489898284882772 -0.618033988749887 -1.538841768587620 -0.309016994374940
U -2.489898284882772 1.000000000000000 -1.902113032590301 1.809016994374943 -1.902113032590301 1.190983005625049
A -1.902113032590301 1.809016994374943 -1.538841768587620 2.309016994374940 -0.951056516295152 1.499999999999997
U -1.538841768587620 2.309016994374940 -0.587785252292475 2.618033988749887 -0.951056516295152 2.118033988749891
A -0.587785252292475 2.618033988749887 0.000000000000000 2.809016994374943 0.000000000000000 1.809016994374943
