B 0.000000000000000 0.427050983124846 0.363271264002677 0.309016994374948 0.000000000000000 -0.190983005625049
U 0.000000000000000 0.809016994374951 0.363271264002677 0.309016994374948 0.000000000000000 0.427050983124846
A 0.363271264002677 0.309016994374948 0.587785252292475 0.000000000000000 0.000000000000000 -0.190983005625049
A -0.363271264002677 0.309016994374948 0.000000000000000 0.427050983124846 0.000000000000000 -0.190983005625049
V 0.363271264002677 0.309016994374948 0.000000000000000 0.809016994374951 0.363271264002677 0.690983005625053
V -0.363271264002677 0.309016994374948 0.000000000000000 0.809016994374951 0.000000000000000 0.427050983124846
B 0.587785252292475 0.000000000000000 0.363271264002677 0.309016994374948 0.951056516295152 0.500000000000004
V 0.000000000000000 -0.190983005625049 0.587785252292475 0.000000000000000 0.363271264002677 -0.309016994374940
B -0.587785252292475 0.000000000000000 -0.363271264002677 0.309016994374948 0.000000000000000 -0.190983005625049
U 0.000000000000000 0.809016994374951 0.587785252292475 1.000000000000000 0.363271264002677 0.690983005625053
A 0.363271264002677 0.309016994374948 0.363271264002677 0.690983005625053 0.951056516295152 0.500000000000004
U 0.000000000000000 0.809016994374951 -0.363271264002677 0.309016994374948 -0.363271264002677 0.690983005625053
A 0.951056516295152 -0.118033988749891 0.587785252292475 0.000000000000000 0.951056516295152 0.500000000000004
U 0.587785252292475 0.000000000000000 0.587785252292475 -0.618033988749887 0.363271264002677 -0.309016994374940
A 0.000000000000000 -0.190983005625049 0.363271264002677 -0.309016994374940 0.000000000000000 -0.809016994374944
A -0.363271264002677 0.309016994374948 -0.587785252292475 0.000000000000000 -0.951056516295152 0.500000000000004
U -0.587785252292475 0.000000000000000 0.000000000000000 -0.190983005625049 -0.363271264002677 -0.309016994374940
B 0.000000000000000 0.809016994374951 0.000000000000000 1.190983005625049 0.587785252292475 1.000000000000000
B 0.363271264002677 0.690983005625053 0.587785252292475 1.000000000000000 0.951056516295152 0.500000000000004
B -0.363271264002677 0.690983005625053 -0.363271264002677 0.309016994374948 -0.951056516295152 0.500000000000004
V -0.587785252292475 1.000000000000000 0.000000000000000 0.809016994374951 -0.363271264002677 0.690983005625053
B 0.587785252292475 0.000000000000000 0.951056516295152 -0.118033988749891 0.587785252292475 -0.618033988749887
B 1.314327780297829 0.000000000000000 0.951056516295152 -0.118033988749891 0.951056516295152 0.500000000000004
B 0.363271264002677 -0.309016994374940 0.587785252292475 -0.618033988749887 0.000000000000000 -0.809016994374944
B -0.363271264002677 -0.309016994374940 0.000000000000000 -0.190983005625049 0.000000000000000 -0.809016994374944
B -0.587785252292475 0.000000000000000 -0.951056516295152 -0.118033988749891 -0.951056516295152 0.500000000000004
V -0.587785252292475 -0.618033988749887 -0.587785252292475 0.000000000000000 -0.363271264002677 -0.309016994374940
A 0.000000000000000 1.190983005625049 0.000000000000000 0.809016994374951 -0.587785252292475 1.000000000000000
A 0.000000000000000 1.190983005625049 0.224513988289790 1.499999999999997 0.587785252292475 1.000000000000000
A 0.587785252292475 1.000000000000000 0.951056516295152 1.118033988749891 0.951056516295152 0.500000000000004
A -0.587785252292475 1.000000000000000 -0.363271264002677 0.690983005625053 -0.951056516295152 0.500000000000004
A 0.951056516295152 -0.118033988749891 1.175570504584942 -0.427050983124838 0.587785252292475 -0.618033988749887
U 1.538841768587619 -0.309016994374940 0.951056516295152 -0.118033988749891 1.314327780297829 0.000000000000000
A 1.538841768587619 0.309016994374948 1.314327780297829 0.000000000000000 0.951056516295152 0.500000000000004
A 0.587785252292475 -0.618033988749887 0.587785252292475 -0.999999999999993 0.000000000000000 -0.809016994374944
A -0.587785252292475 -0.618033988749887 -0.363271264002677 -0.309016994374940 0.000000000000000 -0.809016994374944
A -0.951056516295152 -0.118033988749891 -0.587785252292475 0.000000000000000 -0.587785252292475 -0.618033988749887
A -0.951056516295152 -0.118033988749891 -1.314327780297829 0.000000000000000 -0.951056516295152 0.500000000000004
B -0.224513988289790 1.499999999999997 0.000000000000000 1.190983005625049 -0.587785252292475 1.000000000000000
V 0.000000000000000 1.190983005625049 0.000000000000000 1.809016994374943 0.224513988289790 1.499999999999997
B 0.224513988289790 1.499999999999997 0.587785252292475 1.618033988749895 0.587785252292475 1.000000000000000
V 0.587785252292475 1.000000000000000 0.951056516295152 1.499999999999997 0.951056516295152 1.118033988749891
B 0.951056516295152 1.118033988749891 1.314327780297829 1.000000000000000 0.951056516295152 0.500000000000004
B -0.951056516295152 1.118033988749891 -0.587785252292475 1.000000000000000 -0.951056516295152 0.500000000000004
V 0.951056516295152 -0.118033988749891 1.538841768587619 -0.309016994374940 1.175570504584942 -0.427050983124838
B 1.175570504584942 -0.427050983124838 1.175570504584942 -0.809016994374944 0.587785252292475 -0.618033988749887
V 1.538841768587619 0.309016994374948 1.538841768587619 -0.309016994374940 1.314327780297829 0.000000000000000
B 1.538841768587619 0.690983005625053 1.538841768587619 0.309016994374948 0.951056516295152 0.500000000000004
V 0.587785252292475 -0.618033988749887 0.951056516295152 -1.118033988749891 0.587785252292475 -0.999999999999993
B 0.587785252292475 -0.999999999999993 0.363271264002677 -1.309016994374940 0.000000000000000 -0.809016994374944
B -0.587785252292475 -0.999999999999993 -0.587785252292475 -0.618033988749887 0.000000000000000 -0.809016994374944
B -1.175570504584942 -0.427050983124838 -0.951056516295152 -0.118033988749891 -0.587785252292475 -0.618033988749887
V -0.951056516295152 -0.118033988749891 -1.538841768587620 -0.309016994374940 -1.314327780297829 0.000000000000000
B -1.314327780297829 0.000000000000000 -1.538841768587620 0.309016994374948 -0.951056516295152 0.500000000000004
U 0.000000000000000 1.809016994374943 0.000000000000000 1.190983005625049 -0.224513988289790 1.499999999999997
A -0.587785252292475 1.618033988749895 -0.224513988289790 1.499999999999997 -0.587785252292475 1.000000000000000
U 0.000000000000000 1.809016994374943 0.587785252292475 1.618033988749895 0.224513988289790 1.499999999999997
A 0.587785252292475 1.618033988749895 0.951056516295152 1.499999999999997 0.587785252292475 1.000000000000000
U 0.951056516295152 1.499999999999997 1.314327780297829 1.000000000000000 0.951056516295152 1.118033988749891
A 1.314327780297829 1.000000000000000 1.538841768587619 0.690983005625053 0.951056516295152 0.500000000000004
U -0.951056516295152 1.499999999999997 -0.587785252292475 1.000000000000000 -0.951056516295152 1.118033988749891
A -1.314327780297829 1.000000000000000 -0.951056516295152 1.118033988749891 -0.951056516295152 0.500000000000004
U 1.538841768587619 -0.309016994374940 1.175570504584942 -0.809016994374944 1.175570504584942 -0.427050983124838
A 1.175570504584942 -0.809016994374944 0.951056516295152 -1.118033988749891 0.587785252292475 -0.618033988749887
U 1.538841768587619 -0.309016994374940 1.538841768587619 0.309016994374948 1.763355756877410 0.000000000000000
A 1.538841768587619 0.309016994374948 1.538841768587619 0.690983005625053 2.126627020880094 0.500000000000004
U 0.951056516295152 -1.118033988749891 0.363271264002677 -1.309016994374940 0.587785252292475 -0.999999999999993
A 0.363271264002677 -1.309016994374940 0.000000000000000 -1.427050983124831 0.000000000000000 -0.809016994374944
U -0.951056516295152 -1.118033988749891 -0.587785252292475 -0.618033988749887 -0.587785252292475 -0.999999999999993
A -0.363271264002677 -1.309016994374940 -0.587785252292475 -0.999999999999993 0.000000000000000 -0.809016994374944
U -1.538841768587620 -0.309016994374940 -0.951056516295152 -0.118033988749891 -1.175570504584942 -0.427050983124838
A -1.175570504584942 -0.809016994374944 -1.175570504584942 -0.427050983124838 -0.587785252292475 -0.618033988749887
U -1.538841768587620 -0.309016994374940 -1.538841768587620 0.309016994374948 -1.314327780297829 0.000000000000000
A -1.538841768587620 0.309016994374948 -1.538841768587620 0.690983005625053 -0.951056516295152 0.500000000000004
V -0.587785252292475 1.618033988749895 0.000000000000000 1.809016994374943 -0.224513988289790 1.499999999999997
B -0.951056516295152 1.499999999999997 -0.587785252292475 1.618033988749895 -0.587785252292475 1.000000000000000
V 0.587785252292475 1.618033988749895 0.000000000000000 1.809016994374943 0.363271264002677 1.927050983124841
B 0.951056516295152 1.499999999999997 0.587785252292475 1.618033988749895 0.951056516295152 2.118033988749891
V 1.314327780297829 1.000000000000000 0.951056516295152 1.499999999999997 1.314327780297829 1.381966011250105
B 1.538841768587619 0.690983005625053 1.314327780297829 1.000000000000000 1.902113032590297 1.190983005625049
V -1.314327780297829 1.000000000000000 -0.951056516295152 1.499999999999997 -0.951056516295152 1.118033988749891
B -1.538841768587620 0.690983005625053 -1.314327780297829 1.000000000000000 -0.951056516295152 0.500000000000004
V 1.175570504584942 -0.809016994374944 1.538841768587619 -0.309016994374940 1.538841768587619 -0.690983005625045
B 0.951056516295152 -1.118033988749891 1.175570504584942 -0.809016994374944 1.538841768587619 -1.309016994374940
B 1.763355756877410 0.000000000000000 1.538841768587619 0.309016994374948 2.126627020880094 0.500000000000004
V 2.126627020880094 -0.118033988749891 1.538841768587619 -0.309016994374940 1.763355756877410 0.000000000000000
V 2.126627020880094 0.500000000000004 1.538841768587619 0.690983005625053 1.902113032590297 0.809016994374951
V 0.363271264002677 -1.309016994374940 0.951056516295152 -1.118033988749891 0.726542528005355 -1.427050983124831
B 0.000000000000000 -1.427050983124831 0.363271264002677 -1.309016994374940 0.363271264002677 -1.927050983124832
B 0.000000000000000 -1.427050983124831 -0.363271264002677 -1.309016994374940 0.000000000000000 -0.809016994374944
B -0.951056516295152 -1.118033988749891 -1.175570504584942 -0.809016994374944 -0.587785252292475 -0.618033988749887
V -0.363271264002677 -1.309016994374940 -0.951056516295152 -1.118033988749891 -0.587785252292475 -0.999999999999993
V -1.175570504584942 -0.809016994374944 -1.538841768587620 -0.309016994374940 -1.175570504584942 -0.427050983124838
V -1.538841768587620 0.309016994374948 -1.538841768587620 -0.309016994374940 -1.763355756877410 0.000000000000000
B -1.538841768587620 0.690983005625053 -1.538841768587620 0.309016994374948 -2.126627020880093 0.500000000000004
U 0.000000000000000 1.809016994374943 -0.587785252292475 1.618033988749895 -0.363271264002677 1.927050983124841
A -0.587785252292475 1.618033988749895 -0.951056516295152 1.499999999999997 -0.951056516295152 2.118033988749891
U 0.000000000000000 1.809016994374943 0.363271264002677 2.309016994374940 0.363271264002677 1.927050983124841
A 0.587785252292475 1.618033988749895 0.363271264002677 1.927050983124841 0.951056516295152 2.118033988749891
U 0.951056516295152 1.499999999999997 0.951056516295152 2.118033988749891 1.175570504584942 1.809016994374943
U 0.951056516295152 1.499999999999997 1.538841768587619 1.690983005625053 1.314327780297829 1.381966011250105
A 1.314327780297829 1.000000000000000 1.314327780297829 1.381966011250105 1.902113032590297 1.190983005625049
U 1.538841768587619 0.690983005625053 1.902113032590297 1.190983005625049 1.902113032590297 0.809016994374951
U -0.951056516295152 1.499999999999997 -1.314327780297829 1.000000000000000 -1.314327780297829 1.381966011250105
A -1.314327780297829 1.000000000000000 -1.538841768587620 0.690983005625053 -1.902113032590301 1.190983005625049
U 1.538841768587619 -0.309016994374940 1.902113032590297 -0.809016994374944 1.538841768587619 -0.690983005625045
A 1.175570504584942 -0.809016994374944 1.538841768587619 -0.690983005625045 1.538841768587619 -1.309016994374940
U 0.951056516295152 -1.118033988749891 1.538841768587619 -1.309016994374940 1.175570504584942 -1.427050983124831
A 2.126627020880094 -0.118033988749891 1.763355756877410 0.000000000000000 2.126627020880094 0.500000000000004
U 1.538841768587619 -0.309016994374940 2.126627020880094 -0.118033988749891 1.902113032590297 -0.427050983124838
A 2.126627020880094 0.500000000000004 1.902113032590297 0.809016994374951 2.489898284882772 1.000000000000000
U 0.951056516295152 -1.118033988749891 0.951056516295152 -1.736067977499780 0.726542528005355 -1.427050983124831
A 0.363271264002677 -1.309016994374940 0.726542528005355 -1.427050983124831 0.363271264002677 -1.927050983124832
U 0.000000000000000 -1.427050983124831 0.363271264002677 -1.927050983124832 0.000000000000000 -1.809016994374938
A -0.363271264002677 -1.309016994374940 0.000000000000000 -1.427050983124831 -0.363271264002677 -1.927050983124832
A -1.175570504584942 -0.809016994374944 -0.951056516295152 -1.118033988749891 -1.538841768587620 -1.309016994374940
U -0.951056516295152 -1.118033988749891 -0.363271264002677 -1.309016994374940 -0.726542528005362 -1.427050983124831
U -1.538841768587620 -0.309016994374940 -1.175570504584942 -0.809016994374944 -1.538841768587620 -0.690983005625045
U -1.538841768587620 -0.309016994374940 -2.126627020880093 -0.118033988749891 -1.763355756877410 0.000000000000000
A -1.538841768587620 0.309016994374948 -1.763355756877410 0.000000000000000 -2.126627020880093 0.500000000000004
U -1.538841768587620 0.690983005625053 -2.126627020880093 0.500000000000004 -1.902113032590301 0.809016994374951
B -0.363271264002677 1.927050983124841 -0.587785252292475 1.618033988749895 -0.951056516295152 2.118033988749891
V -0.363271264002677 2.309016994374940 0.000000000000000 1.809016994374943 -0.363271264002677 1.927050983124841
V -0.951056516295152 2.118033988749891 -0.951056516295152 1.499999999999997 -1.175570504584942 1.809016994374943
V 0.363271264002677 2.309016994374940 0.000000000000000 1.809016994374943 0.000000000000000 2.190983005625049
B 0.363271264002677 1.927050983124841 0.363271264002677 2.309016994374940 0.951056516295152 2.118033988749891
B 1.175570504584942 1.809016994374943 0.951056516295152 2.118033988749891 1.538841768587619 2.309016994374940
V 1.538841768587619 1.690983005625053 0.951056516295152 1.499999999999997 1.175570504584942 1.809016994374943
B 1.314327780297829 1.381966011250105 1.538841768587619 1.690983005625053 1.902113032590297 1.190983005625049
B 1.902113032590297 0.809016994374951 1.902113032590297 1.190983005625049 2.489898284882772 1.000000000000000
B -1.314327780297829 1.381966011250105 -1.314327780297829 1.000000000000000 -1.902113032590301 1.190983005625049
V -1.538841768587620 1.690983005625053 -0.951056516295152 1.499999999999997 -1.314327780297829 1.381966011250105
V -1.902113032590301 1.190983005625049 -1.538841768587620 0.690983005625053 -1.902113032590301 0.809016994374951
V 1.902113032590297 -0.809016994374944 1.538841768587619 -0.309016994374940 1.902113032590297 -0.427050983124838
B 1.538841768587619 -0.690983005625045 1.902113032590297 -0.809016994374944 1.538841768587619 -1.309016994374940
B 1.175570504584942 -1.427050983124831 1.538841768587619 -1.309016994374940 1.538841768587619 -1.927050983124832
V 0.951056516295152 -1.736067977499780 0.951056516295152 -1.118033988749891 1.175570504584942 -1.427050983124831
B 2.489898284882772 0.000000000000000 2.126627020880094 -0.118033988749891 2.126627020880094 0.500000000000004
B 1.902113032590297 -0.427050983124838 2.126627020880094 -0.118033988749891 2.489898284882772 -0.618033988749887
B 2.489898284882772 0.381966011250105 2.126627020880094 0.500000000000004 2.489898284882772 1.000000000000000
B 0.726542528005355 -1.427050983124831 0.951056516295152 -1.736067977499780 0.363271264002677 -1.927050983124832
B 0.000000000000000 -1.809016994374938 0.363271264002677 -1.927050983124832 0.000000000000000 -2.427050983124831
V -0.363271264002677 -1.927050983124832 0.000000000000000 -1.427050983124831 0.000000000000000 -1.809016994374938
B -0.726542528005362 -1.427050983124831 -0.363271264002677 -1.309016994374940 -0.363271264002677 -1.927050983124832
V -1.538841768587620 -1.309016994374940 -0.951056516295152 -1.118033988749891 -1.175570504584942 -1.427050983124831
B -1.538841768587620 -0.690983005625045 -1.175570504584942 -0.809016994374944 -1.538841768587620 -1.309016994374940
V -0.951056516295152 -1.736067977499780 -0.951056516295152 -1.118033988749891 -0.726542528005362 -1.427050983124831
V -1.902113032590301 -0.809016994374944 -1.538841768587620 -0.309016994374940 -1.538841768587620 -0.690983005625045
V -2.126627020880093 -0.118033988749891 -1.538841768587620 -0.309016994374940 -1.902113032590301 -0.427050983124838
B -1.763355756877410 0.000000000000000 -2.126627020880093 -0.118033988749891 -2.126627020880093 0.500000000000004
B -1.902113032590301 0.809016994374951 -2.126627020880093 0.500000000000004 -2.489898284882772 1.000000000000000
A -0.363271264002677 2.309016994374940 -0.363271264002677 1.927050983124841 -0.951056516295152 2.118033988749891
U 0.000000000000000 1.809016994374943 -0.363271264002677 2.309016994374940 0.000000000000000 2.190983005625049
U -0.951056516295152 1.499999999999997 -1.538841768587620 1.690983005625053 -1.175570504584942 1.809016994374943
A -0.951056516295152 2.118033988749891 -1.175570504584942 1.809016994374943 -1.538841768587620 2.309016994374940
A 0.363271264002677 2.309016994374940 0.000000000000000 2.190983005625049 0.000000000000000 2.809016994374943
A 0.363271264002677 2.309016994374940 0.587785252292475 2.618033988749887 0.951056516295152 2.118033988749891
A 0.951056516295152 2.118033988749891 0.951056516295152 2.499999999999996 1.538841768587619 2.309016994374940
A 1.538841768587619 1.690983005625053 1.175570504584942 1.809016994374943 1.538841768587619 2.309016994374940
A 1.538841768587619 1.690983005625053 1.902113032590297 1.809016994374943 1.902113032590297 1.190983005625049
A 1.902113032590297 1.190983005625049 2.126627020880094 1.499999999999997 2.489898284882772 1.000000000000000
A -1.538841768587620 1.690983005625053 -1.314327780297829 1.381966011250105 -1.902113032590301 1.190983005625049
A -1.902113032590301 1.190983005625049 -1.902113032590301 0.809016994374951 -2.489898284882772 1.000000000000000
A 1.902113032590297 -0.809016994374944 1.902113032590297 -0.427050983124838 2.489898284882772 -0.618033988749887
A 1.902113032590297 -0.809016994374944 2.126627020880094 -1.118033988749891 1.538841768587619 -1.309016994374940
A 1.538841768587619 -1.309016994374940 1.902113032590297 -1.427050983124831 1.538841768587619 -1.927050983124832
A 0.951056516295152 -1.736067977499780 1.175570504584942 -1.427050983124831 1.538841768587619 -1.927050983124832
A 2.126627020880094 -0.118033988749891 2.489898284882772 0.000000000000000 2.489898284882772 -0.618033988749887
U 2.489898284882772 0.000000000000000 2.126627020880094 0.500000000000004 2.489898284882772 0.381966011250105
A 0.951056516295152 -1.736067977499780 0.951056516295152 -2.118033988749885 0.363271264002677 -1.927050983124832
A 0.363271264002677 -1.927050983124832 0.587785252292475 -2.236067977499779 0.000000000000000 -2.427050983124831
A -0.363271264002677 -1.927050983124832 0.000000000000000 -1.809016994374938 0.000000000000000 -2.427050983124831
A -0.951056516295152 -1.736067977499780 -0.726542528005362 -1.427050983124831 -0.363271264002677 -1.927050983124832
U -0.951056516295152 -1.118033988749891 -0.951056516295152 -1.736067977499780 -1.175570504584942 -1.427050983124831
A -1.538841768587620 -1.309016994374940 -1.175570504584942 -1.427050983124831 -1.538841768587620 -1.927050983124832
A -1.902113032590301 -0.809016994374944 -1.538841768587620 -0.690983005625045 -1.538841768587620 -1.309016994374940
U -1.538841768587620 -0.309016994374940 -1.902113032590301 -0.809016994374944 -1.902113032590301 -0.427050983124838
A -2.126627020880093 -0.118033988749891 -1.902113032590301 -0.427050983124838 -2.489898284882772 -0.618033988749887
A -2.126627020880093 -0.118033988749891 -2.489898284882772 0.000000000000000 -2.126627020880093 0.500000000000004
A -2.126627020880093 0.500000000000004 -2.489898284882772 0.381966011250105 -2.489898284882772 1.000000000000000
B -0.587785252292475 2.618033988749887 -0.363271264002677 2.309016994374940 -0.951056516295152 2.118033988749891
B 0.000000000000000 2.190983005625049 -0.363271264002677 2.309016994374940 0.000000000000000 2.809016994374943
B -1.175570504584942 1.809016994374943 -1.538841768587620 1.690983005625053 -1.538841768587620 2.309016994374940
B -0.951056516295152 2.499999999999996 -0.951056516295152 2.118033988749891 -1.538841768587620 2.309016994374940
B 0.587785252292475 2.618033988749887 0.363271264002677 2.309016994374940 0.000000000000000 2.809016994374943
V 0.951056516295152 2.118033988749891 0.587785252292475 2.618033988749887 0.951056516295152 2.499999999999996
B 1.902113032590297 1.809016994374943 1.538841768587619 1.690983005625053 1.538841768587619 2.309016994374940
V 1.902113032590297 1.190983005625049 1.902113032590297 1.809016994374943 2.126627020880094 1.499999999999997
B -1.902113032590301 1.809016994374943 -1.538841768587620 1.690983005625053 -1.902113032590301 1.190983005625049
B -2.126627020880093 1.499999999999997 -1.902113032590301 1.190983005625049 -2.489898284882772 1.000000000000000
B 2.126627020880094 -1.118033988749891 1.902113032590297 -0.809016994374944 2.489898284882772 -0.618033988749887
V 1.538841768587619 -1.309016994374940 2.126627020880094 -1.118033988749891 1.902113032590297 -1.427050983124831
B 0.951056516295152 -2.118033988749885 0.951056516295152 -1.736067977499780 1.538841768587619 -1.927050983124832
V 0.363271264002677 -1.927050983124832 0.951056516295152 -2.118033988749885 0.587785252292475 -2.236067977499779
B -0.587785252292475 -2.236067977499779 -0.363271264002677 -1.927050983124832 0.000000000000000 -2.427050983124831
B -0.951056516295152 -2.118033988749885 -0.951056516295152 -1.736067977499780 -0.363271264002677 -1.927050983124832
B -1.175570504584942 -1.427050983124831 -0.951056516295152 -1.736067977499780 -1.538841768587620 -1.927050983124832
B -1.902113032590301 -1.427050983124831 -1.538841768587620 -1.309016994374940 -1.538841768587620 -1.927050983124832
B -2.126627020880093 -1.118033988749891 -1.902113032590301 -0.809016994374944 -1.538841768587620 -1.309016994374940
B -1.902113032590301 -0.427050983124838 -1.902113032590301 -0.809016994374944 -2.489898284882772 -0.618033988749887
B -2.489898284882772 0.000000000000000 -2.126627020880093 -0.118033988749891 -2.489898284882772 -0.618033988749887
V -2.126627020880093 0.500000000000004 -2.489898284882772 0.000000000000000 -2.489898284882772 0.381966011250105
A -0.363271264002677 2.309016994374940 -0.587785252292475 2.618033988749887 0.000000000000000 2.809016994374943
U -0.587785252292475 2.618033988749887 -0.951056516295152 2.118033988749891 -0.951056516295152 2.499999999999996
A -1.538841768587620 1.690983005625053 -1.902113032590301 1.809016994374943 -1.538841768587620 2.309016994374940
U -1.902113032590301 1.809016994374943 -1.902113032590301 1.190983005625049 -2.126627020880093 1.499999999999997
U -0.951056516295152 -2.118033988749885 -0.363271264002677 -1.927050983124832 -0.587785252292475 -2.236067977499779
A -0.951056516295152 -1.736067977499780 -0.951056516295152 -2.118033988749885 -1.538841768587620 -1.927050983124832
U -2.126627020880093 -1.118033988749891 -1.538841768587620 -1.309016994374940 -1.902113032590301 -1.427050983124831
A -1.902113032590301 -0.809016994374944 -2.126627020880093 -1.118033988749891 -2.489898284882772 -0.618033988749887
