A 0.224513988289790 0.118033988749898 0.000000000000000 0.045084971874740 0.000000000000000 0.427050983124846
V 0.224513988289790 0.118033988749898 0.000000000000000 -0.190983005625049 0.000000000000000 0.045084971874740
B 0.000000000000000 0.045084971874740 -0.224513988289790 0.118033988749898 0.000000000000000 0.427050983124846
B 0.363271264002677 0.309016994374948 0.224513988289790 0.118033988749898 0.000000000000000 0.427050983124846
U 0.000000000000000 -0.190983005625049 0.224513988289790 0.118033988749898 0.224513988289790 -0.118033988749891
U 0.000000000000000 -0.190983005625049 -0.224513988289790 0.118033988749898 0.000000000000000 0.045084971874740
A -0.224513988289790 0.118033988749898 -0.363271264002677 0.309016994374948 0.000000000000000 0.427050983124846
A 0.224513988289790 0.118033988749898 0.363271264002677 0.309016994374948 0.587785252292475 0.000000000000000
U 0.363271264002677 0.309016994374948 0.000000000000000 0.427050983124846 0.224513988289790 0.500000000000004
B 0.224513988289790 -0.118033988749891 0.224513988289790 0.118033988749898 0.587785252292475 0.000000000000000
V 0.363271264002677 -0.309016994374940 0.000000000000000 -0.190983005625049 0.224513988289790 -0.118033988749891
V -0.224513988289790 0.118033988749898 0.000000000000000 -0.190983005625049 -0.224513988289790 -0.118033988749891
B -0.363271264002677 0.309016994374948 -0.224513988289790 0.118033988749898 -0.587785252292475 0.000000000000000
V 0.000000000000000 0.427050983124846 -0.363271264002677 0.309016994374948 -0.224513988289790 0.500000000000004
B 0.363271264002677 0.309016994374948 0.587785252292475 0.381966011250105 0.587785252292475 0.000000000000000
B 0.224513988289790 0.500000000000004 0.000000000000000 0.427050983124846 0.000000000000000 0.809016994374951
V 0.363271264002677 0.690983005625053 0.363271264002677 0.309016994374948 0.224513988289790 0.500000000000004
A 0.363271264002677 -0.309016994374940 0.224513988289790 -0.118033988749891 0.587785252292475 0.000000000000000
A 0.000000000000000 -0.427050983124838 0.000000000000000 -0.190983005625049 0.363271264002677 -0.309016994374940
U 0.000000000000000 -0.190983005625049 -0.363271264002677 -0.309016994374940 -0.224513988289790 -0.118033988749891
A -0.224513988289790 0.118033988749898 -0.224513988289790 -0.118033988749891 -0.587785252292475 0.000000000000000
A -0.587785252292475 0.381966011250105 -0.363271264002677 0.309016994374948 -0.587785252292475 0.000000000000000
U -0.363271264002677 0.309016994374948 -0.363271264002677 0.690983005625053 -0.224513988289790 0.500000000000004
A 0.000000000000000 0.427050983124846 -0.224513988289790 0.500000000000004 0.000000000000000 0.809016994374951
A 0.587785252292475 0.381966011250105 0.363271264002677 0.309016994374948 0.363271264002677 0.690983005625053
A 0.587785252292475 0.381966011250105 0.812299240582265 0.309016994374948 0.587785252292475 0.000000000000000
A 0.363271264002677 0.690983005625053 0.224513988289790 0.500000000000004 0.000000000000000 0.809016994374951
B 0.587785252292475 -0.381966011250098 0.363271264002677 -0.309016994374940 0.587785252292475 0.000000000000000
B 0.000000000000000 -0.190983005625049 0.000000000000000 -0.427050983124838 -0.363271264002677 -0.309016994374940
B 0.138757275712887 -0.618033988749887 0.000000000000000 -0.427050983124838 0.363271264002677 -0.309016994374940
B -0.224513988289790 -0.118033988749891 -0.363271264002677 -0.309016994374940 -0.587785252292475 0.000000000000000
B -0.363271264002677 0.309016994374948 -0.587785252292475 0.381966011250105 -0.363271264002677 0.690983005625053
B -0.812299240582265 0.309016994374948 -0.587785252292475 0.381966011250105 -0.587785252292475 0.000000000000000
B -0.224513988289790 0.500000000000004 -0.363271264002677 0.690983005625053 0.000000000000000 0.809016994374951
B 0.726542528005355 0.572949016875162 0.587785252292475 0.381966011250105 0.363271264002677 0.690983005625053
V 0.587785252292475 0.381966011250105 0.951056516295152 0.500000000000004 0.812299240582265 0.309016994374948
B 0.812299240582265 0.309016994374948 0.951056516295152 0.118033988749898 0.587785252292475 0.000000000000000
B 0.363271264002677 0.927050983124842 0.363271264002677 0.690983005625053 0.000000000000000 0.809016994374951
U 0.587785252292475 -0.618033988749887 0.363271264002677 -0.309016994374940 0.587785252292475 -0.381966011250098
A 0.812299240582265 -0.309016994374940 0.587785252292475 -0.381966011250098 0.587785252292475 0.000000000000000
A 0.000000000000000 -0.427050983124838 -0.138757275712887 -0.618033988749887 -0.363271264002677 -0.309016994374940
U 0.000000000000000 -0.809016994374944 0.000000000000000 -0.427050983124838 0.138757275712887 -0.618033988749887
A 0.363271264002677 -0.690983005625045 0.138757275712887 -0.618033988749887 0.363271264002677 -0.309016994374940
A -0.363271264002677 -0.309016994374940 -0.587785252292475 -0.381966011250098 -0.587785252292475 0.000000000000000
A -0.587785252292475 0.381966011250105 -0.726542528005362 0.572949016875162 -0.363271264002677 0.690983005625053
U -0.951056516295152 0.500000000000004 -0.587785252292475 0.381966011250105 -0.812299240582265 0.309016994374948
A -0.951056516295152 0.118033988749898 -0.812299240582265 0.309016994374948 -0.587785252292475 0.000000000000000
A -0.363271264002677 0.690983005625053 -0.363271264002677 0.927050983124842 0.000000000000000 0.809016994374951
U 0.951056516295152 0.500000000000004 0.587785252292475 0.381966011250105 0.726542528005355 0.572949016875162
A 0.726542528005355 0.809016994374951 0.726542528005355 0.572949016875162 0.363271264002677 0.690983005625053
U 0.951056516295152 0.500000000000004 0.951056516295152 0.118033988749898 0.812299240582265 0.309016994374948
A 0.951056516295152 0.118033988749898 0.951056516295152 -0.118033988749891 0.587785252292475 0.000000000000000
U 0.587785252292475 1.000000000000000 0.363271264002677 0.690983005625053 0.363271264002677 0.927050983124842
A 0.224513988289790 1.118033988749891 0.363271264002677 0.927050983124842 0.000000000000000 0.809016994374951
B 0.587785252292475 -0.618033988749887 0.363271264002677 -0.690983005625045 0.363271264002677 -0.309016994374940
V 0.812299240582265 -0.309016994374940 0.587785252292475 -0.618033988749887 0.587785252292475 -0.381966011250098
B 0.951056516295152 -0.118033988749891 0.812299240582265 -0.309016994374940 0.587785252292475 0.000000000000000
V 0.000000000000000 -0.427050983124838 0.000000000000000 -0.809016994374944 -0.138757275712887 -0.618033988749887
B -0.138757275712887 -0.618033988749887 -0.363271264002677 -0.690983005625045 -0.363271264002677 -0.309016994374940
V 0.363271264002677 -0.690983005625045 0.000000000000000 -0.809016994374944 0.138757275712887 -0.618033988749887
V -0.363271264002677 -0.309016994374940 -0.587785252292475 -0.618033988749887 -0.587785252292475 -0.381966011250098
B -0.587785252292475 -0.381966011250098 -0.812299240582265 -0.309016994374940 -0.587785252292475 0.000000000000000
V -0.587785252292475 0.381966011250105 -0.951056516295152 0.500000000000004 -0.726542528005362 0.572949016875162
B -0.726542528005362 0.572949016875162 -0.726542528005362 0.809016994374951 -0.363271264002677 0.690983005625053
V -0.951056516295152 0.118033988749898 -0.951056516295152 0.500000000000004 -0.812299240582265 0.309016994374948
B -0.951056516295152 -0.118033988749891 -0.951056516295152 0.118033988749898 -0.587785252292475 0.000000000000000
V -0.363271264002677 0.690983005625053 -0.587785252292475 1.000000000000000 -0.363271264002677 0.927050983124842
B -0.363271264002677 0.927050983124842 -0.224513988289790 1.118033988749891 0.000000000000000 0.809016994374951
V 0.726542528005355 0.809016994374951 0.951056516295152 0.500000000000004 0.726542528005355 0.572949016875162
B 0.587785252292475 1.000000000000000 0.726542528005355 0.809016994374951 0.363271264002677 0.690983005625053
V 0.951056516295152 0.118033988749898 0.951056516295152 0.500000000000004 1.089813792008039 0.309016994374948
B 0.951056516295152 -0.118033988749891 0.951056516295152 0.118033988749898 1.314327780297829 0.000000000000000
V 0.224513988289790 1.118033988749891 0.587785252292475 1.000000000000000 0.363271264002677 0.927050983124842
B 0.000000000000000 1.190983005625049 0.224513988289790 1.118033988749891 0.000000000000000 0.809016994374951
A 0.363271264002677 -0.690983005625045 0.587785252292475 -0.618033988749887 0.587785252292475 -0.999999999999993
U 0.587785252292475 -0.618033988749887 0.812299240582265 -0.309016994374940 0.812299240582265 -0.545084971874729
A 0.812299240582265 -0.309016994374940 0.951056516295152 -0.118033988749891 1.175570504584942 -0.427050983124838
U 0.000000000000000 -0.809016994374944 -0.363271264002677 -0.690983005625045 -0.138757275712887 -0.618033988749887
A -0.363271264002677 -0.690983005625045 -0.587785252292475 -0.618033988749887 -0.363271264002677 -0.309016994374940
U 0.000000000000000 -0.809016994374944 0.363271264002677 -0.690983005625045 0.224513988289790 -0.881966011250102
U -0.587785252292475 -0.618033988749887 -0.812299240582265 -0.309016994374940 -0.587785252292475 -0.381966011250098
A -0.812299240582265 -0.309016994374940 -0.951056516295152 -0.118033988749891 -0.587785252292475 0.000000000000000
U -0.951056516295152 0.500000000000004 -0.726542528005362 0.809016994374951 -0.726542528005362 0.572949016875162
A -0.726542528005362 0.809016994374951 -0.587785252292475 1.000000000000000 -0.363271264002677 0.690983005625053
U -0.951056516295152 0.500000000000004 -0.951056516295152 0.118033988749898 -1.089813792008039 0.309016994374948
A -0.951056516295152 0.118033988749898 -0.951056516295152 -0.118033988749891 -1.314327780297829 0.000000000000000
U -0.587785252292475 1.000000000000000 -0.224513988289790 1.118033988749891 -0.363271264002677 0.927050983124842
A -0.224513988289790 1.118033988749891 0.000000000000000 1.190983005625049 0.000000000000000 0.809016994374951
U 0.951056516295152 0.500000000000004 0.726542528005355 0.809016994374951 0.951056516295152 0.736067977499793
A 0.726542528005355 0.809016994374951 0.587785252292475 1.000000000000000 0.951056516295152 1.118033988749891
U 0.951056516295152 0.500000000000004 1.314327780297829 0.381966011250105 1.089813792008039 0.309016994374948
A 0.951056516295152 0.118033988749898 1.089813792008039 0.309016994374948 1.314327780297829 0.000000000000000
U 0.951056516295152 -0.118033988749891 1.314327780297829 0.000000000000000 1.175570504584942 -0.190983005625049
U 0.587785252292475 1.000000000000000 0.224513988289790 1.118033988749891 0.449027976579580 1.190983005625049
A 0.224513988289790 1.118033988749891 0.000000000000000 1.190983005625049 0.224513988289790 1.499999999999997
V 0.587785252292475 -0.999999999999993 0.587785252292475 -0.618033988749887 0.726542528005355 -0.809016994374944
B 0.224513988289790 -0.881966011250102 0.363271264002677 -0.690983005625045 0.587785252292475 -0.999999999999993
B 0.812299240582265 -0.545084971874729 0.812299240582265 -0.309016994374940 1.175570504584942 -0.427050983124838
V 0.951056516295152 -0.736067977499785 0.587785252292475 -0.618033988749887 0.812299240582265 -0.545084971874729
V 1.175570504584942 -0.427050983124838 0.951056516295152 -0.118033988749891 1.175570504584942 -0.190983005625049
V -0.363271264002677 -0.690983005625045 0.000000000000000 -0.809016994374944 -0.224513988289790 -0.881966011250102
B -0.587785252292475 -0.618033988749887 -0.363271264002677 -0.690983005625045 -0.587785252292475 -0.999999999999993
V 0.224513988289790 -1.118033988749891 0.000000000000000 -0.809016994374944 0.224513988289790 -0.881966011250102
V -0.812299240582265 -0.309016994374940 -0.587785252292475 -0.618033988749887 -0.812299240582265 -0.545084971874729
B -0.951056516295152 -0.118033988749891 -0.812299240582265 -0.309016994374940 -1.175570504584942 -0.427050983124838
V -0.726542528005362 0.809016994374951 -0.951056516295152 0.500000000000004 -0.951056516295152 0.736067977499793
B -0.587785252292475 1.000000000000000 -0.726542528005362 0.809016994374951 -0.951056516295152 1.118033988749891
B -1.089813792008039 0.309016994374948 -0.951056516295152 0.118033988749898 -1.314327780297829 0.000000000000000
V -1.314327780297829 0.381966011250105 -0.951056516295152 0.500000000000004 -1.089813792008039 0.309016994374948
V -1.314327780297829 0.000000000000000 -0.951056516295152 -0.118033988749891 -1.175570504584942 -0.190983005625049
V -0.224513988289790 1.118033988749891 -0.587785252292475 1.000000000000000 -0.449027976579580 1.190983005625049
B 0.000000000000000 1.190983005625049 -0.224513988289790 1.118033988749891 -0.224513988289790 1.499999999999997
B 0.951056516295152 0.736067977499793 0.726542528005355 0.809016994374951 0.951056516295152 1.118033988749891
V 1.175570504584942 0.809016994374951 0.951056516295152 0.500000000000004 0.951056516295152 0.736067977499793
V 0.951056516295152 1.118033988749891 0.587785252292475 1.000000000000000 0.726542528005355 1.190983005625049
V 1.314327780297829 0.381966011250105 0.951056516295152 0.500000000000004 1.175570504584942 0.572949016875162
B 1.089813792008039 0.309016994374948 1.314327780297829 0.381966011250105 1.314327780297829 0.000000000000000
B 1.175570504584942 -0.190983005625049 1.314327780297829 0.000000000000000 1.538841768587619 -0.309016994374940
B 0.449027976579580 1.190983005625049 0.224513988289790 1.118033988749891 0.224513988289790 1.499999999999997
V 0.587785252292475 1.381966011250105 0.587785252292475 1.000000000000000 0.449027976579580 1.190983005625049
V 0.224513988289790 1.499999999999997 0.000000000000000 1.190983005625049 0.000000000000000 1.427050983124838
U 0.587785252292475 -0.618033988749887 0.951056516295152 -0.736067977499785 0.726542528005355 -0.809016994374944
A 0.587785252292475 -0.999999999999993 0.726542528005355 -0.809016994374944 0.951056516295152 -1.118033988749891
A 0.224513988289790 -1.118033988749891 0.224513988289790 -0.881966011250102 0.587785252292475 -0.999999999999993
A 0.951056516295152 -0.736067977499785 0.812299240582265 -0.545084971874729 1.175570504584942 -0.427050983124838
A 1.175570504584942 -0.427050983124838 1.175570504584942 -0.190983005625049 1.538841768587619 -0.309016994374940
U 0.000000000000000 -0.809016994374944 -0.224513988289790 -1.118033988749891 -0.224513988289790 -0.881966011250102
A -0.363271264002677 -0.690983005625045 -0.224513988289790 -0.881966011250102 -0.587785252292475 -0.999999999999993
U -0.587785252292475 -0.618033988749887 -0.587785252292475 -0.999999999999993 -0.726542528005362 -0.809016994374944
U 0.000000000000000 -0.809016994374944 0.224513988289790 -1.118033988749891 0.000000000000000 -1.045084971874733
U -0.587785252292475 -0.618033988749887 -0.951056516295152 -0.736067977499785 -0.812299240582265 -0.545084971874729
A -0.812299240582265 -0.309016994374940 -0.812299240582265 -0.545084971874729 -1.175570504584942 -0.427050983124838
U -0.951056516295152 -0.118033988749891 -1.175570504584942 -0.427050983124838 -1.175570504584942 -0.190983005625049
U -0.951056516295152 0.500000000000004 -1.175570504584942 0.809016994374951 -0.951056516295152 0.736067977499793
A -0.726542528005362 0.809016994374951 -0.951056516295152 0.736067977499793 -0.951056516295152 1.118033988749891
U -0.587785252292475 1.000000000000000 -0.951056516295152 1.118033988749891 -0.726542528005362 1.190983005625049
A -1.314327780297829 0.381966011250105 -1.089813792008039 0.309016994374948 -1.314327780297829 0.000000000000000
U -0.951056516295152 0.500000000000004 -1.314327780297829 0.381966011250105 -1.175570504584942 0.572949016875162
A -1.314327780297829 0.000000000000000 -1.175570504584942 -0.190983005625049 -1.538841768587620 -0.309016994374940
U -0.587785252292475 1.000000000000000 -0.587785252292475 1.381966011250105 -0.449027976579580 1.190983005625049
A -0.224513988289790 1.118033988749891 -0.449027976579580 1.190983005625049 -0.224513988289790 1.499999999999997
U 0.000000000000000 1.190983005625049 -0.224513988289790 1.499999999999997 0.000000000000000 1.427050983124838
A 1.175570504584942 0.809016994374951 0.951056516295152 0.736067977499793 0.951056516295152 1.118033988749891
U 0.951056516295152 0.500000000000004 1.175570504584942 0.809016994374951 1.175570504584942 0.572949016875162
U 0.587785252292475 1.000000000000000 0.587785252292475 1.381966011250105 0.726542528005355 1.190983005625049
A 0.951056516295152 1.118033988749891 0.726542528005355 1.190983005625049 0.951056516295152 1.499999999999997
A 1.314327780297829 0.381966011250105 1.175570504584942 0.572949016875162 1.538841768587619 0.690983005625053
A 1.314327780297829 0.381966011250105 1.538841768587619 0.309016994374948 1.314327780297829 0.000000000000000
A 1.314327780297829 0.000000000000000 1.538841768587619 0.072949016875158 1.538841768587619 -0.309016994374940
A 0.587785252292475 1.381966011250105 0.449027976579580 1.190983005625049 0.224513988289790 1.499999999999997
A 0.224513988289790 1.499999999999997 0.000000000000000 1.427050983124838 0.000000000000000 1.809016994374943
B 0.726542528005355 -0.809016994374944 0.951056516295152 -0.736067977499785 0.951056516295152 -1.118033988749891
B 0.587785252292475 -1.236067977499782 0.587785252292475 -0.999999999999993 0.951056516295152 -1.118033988749891
B 0.363271264002677 -1.309016994374940 0.224513988289790 -1.118033988749891 0.587785252292475 -0.999999999999993
B 1.175570504584942 -0.809016994374944 0.951056516295152 -0.736067977499785 1.175570504584942 -0.427050983124838
B 1.314327780297829 -0.618033988749887 1.175570504584942 -0.427050983124838 1.538841768587619 -0.309016994374940
V -0.224513988289790 -1.118033988749891 0.000000000000000 -0.809016994374944 0.000000000000000 -1.045084971874733
B -0.224513988289790 -0.881966011250102 -0.224513988289790 -1.118033988749891 -0.587785252292475 -0.999999999999993
B -0.726542528005362 -0.809016994374944 -0.587785252292475 -0.999999999999993 -0.951056516295152 -1.118033988749891
V -0.951056516295152 -0.736067977499785 -0.587785252292475 -0.618033988749887 -0.726542528005362 -0.809016994374944
B 0.000000000000000 -1.045084971874733 0.224513988289790 -1.118033988749891 0.000000000000000 -1.427050983124831
B -0.812299240582265 -0.545084971874729 -0.951056516295152 -0.736067977499785 -1.175570504584942 -0.427050983124838
B -1.175570504584942 -0.190983005625049 -1.175570504584942 -0.427050983124838 -1.538841768587620 -0.309016994374940
V -1.175570504584942 0.809016994374951 -0.951056516295152 0.500000000000004 -1.175570504584942 0.572949016875162
B -0.951056516295152 0.736067977499793 -1.175570504584942 0.809016994374951 -0.951056516295152 1.118033988749891
B -0.726542528005362 1.190983005625049 -0.951056516295152 1.118033988749891 -0.951056516295152 1.499999999999997
V -0.587785252292475 1.381966011250105 -0.587785252292475 1.000000000000000 -0.726542528005362 1.190983005625049
B -1.538841768587620 0.309016994374948 -1.314327780297829 0.381966011250105 -1.314327780297829 0.000000000000000
B -1.175570504584942 0.572949016875162 -1.314327780297829 0.381966011250105 -1.538841768587620 0.690983005625053
B -1.538841768587620 0.072949016875158 -1.314327780297829 0.000000000000000 -1.538841768587620 -0.309016994374940
B -0.449027976579580 1.190983005625049 -0.587785252292475 1.381966011250105 -0.224513988289790 1.499999999999997
B 0.000000000000000 1.427050983124838 -0.224513988289790 1.499999999999997 0.000000000000000 1.809016994374943
B 1.314327780297829 1.000000000000000 1.175570504584942 0.809016994374951 0.951056516295152 1.118033988749891
B 1.175570504584942 0.572949016875162 1.175570504584942 0.809016994374951 1.538841768587619 0.690983005625053
B 0.726542528005355 1.190983005625049 0.587785252292475 1.381966011250105 0.951056516295152 1.499999999999997
B 1.175570504584942 1.190983005625049 0.951056516295152 1.118033988749891 0.951056516295152 1.499999999999997
B 1.538841768587619 0.309016994374948 1.314327780297829 0.381966011250105 1.538841768587619 0.690983005625053
V 1.314327780297829 0.000000000000000 1.538841768587619 0.309016994374948 1.538841768587619 0.072949016875158
B 1.538841768587619 0.072949016875158 1.763355756877410 0.000000000000000 1.538841768587619 -0.309016994374940
B 0.587785252292475 1.618033988749895 0.587785252292475 1.381966011250105 0.224513988289790 1.499999999999997
B 0.363271264002677 1.690983005625053 0.224513988289790 1.499999999999997 0.000000000000000 1.809016994374943
A 0.951056516295152 -0.736067977499785 1.175570504584942 -0.809016994374944 0.951056516295152 -1.118033988749891
U 0.363271264002677 -1.309016994374940 0.587785252292475 -0.999999999999993 0.587785252292475 -1.236067977499782
A 0.726542528005355 -1.427050983124831 0.587785252292475 -1.236067977499782 0.951056516295152 -1.118033988749891
A 0.224513988289790 -1.118033988749891 0.363271264002677 -1.309016994374940 0.000000000000000 -1.427050983124831
U 1.175570504584942 -0.809016994374944 1.175570504584942 -0.427050983124838 1.314327780297829 -0.618033988749887
A 1.538841768587619 -0.690983005625045 1.314327780297829 -0.618033988749887 1.538841768587619 -0.309016994374940
A -0.224513988289790 -1.118033988749891 0.000000000000000 -1.045084971874733 0.000000000000000 -1.427050983124831
A -0.224513988289790 -1.118033988749891 -0.363271264002677 -1.309016994374940 -0.587785252292475 -0.999999999999993
A -0.587785252292475 -0.999999999999993 -0.587785252292475 -1.236067977499782 -0.951056516295152 -1.118033988749891
A -0.951056516295152 -0.736067977499785 -0.726542528005362 -0.809016994374944 -0.951056516295152 -1.118033988749891
A -0.951056516295152 -0.736067977499785 -1.175570504584942 -0.809016994374944 -1.175570504584942 -0.427050983124838
A -1.175570504584942 -0.427050983124838 -1.314327780297829 -0.618033988749887 -1.538841768587620 -0.309016994374940
A -1.175570504584942 0.809016994374951 -1.175570504584942 0.572949016875162 -1.538841768587620 0.690983005625053
A -1.175570504584942 0.809016994374951 -1.314327780297829 1.000000000000000 -0.951056516295152 1.118033988749891
A -0.951056516295152 1.118033988749891 -1.175570504584942 1.190983005625049 -0.951056516295152 1.499999999999997
A -0.587785252292475 1.381966011250105 -0.726542528005362 1.190983005625049 -0.951056516295152 1.499999999999997
A -1.314327780297829 0.381966011250105 -1.538841768587620 0.309016994374948 -1.538841768587620 0.690983005625053
U -1.538841768587620 0.309016994374948 -1.314327780297829 0.000000000000000 -1.538841768587620 0.072949016875158
A -1.763355756877410 0.000000000000000 -1.538841768587620 0.072949016875158 -1.538841768587620 -0.309016994374940
A -0.587785252292475 1.381966011250105 -0.587785252292475 1.618033988749895 -0.224513988289790 1.499999999999997
A -0.224513988289790 1.499999999999997 -0.363271264002677 1.690983005625053 0.000000000000000 1.809016994374943
A 1.175570504584942 0.809016994374951 1.314327780297829 1.000000000000000 1.538841768587619 0.690983005625053
U 1.314327780297829 1.000000000000000 0.951056516295152 1.118033988749891 1.175570504584942 1.190983005625049
A 0.587785252292475 1.381966011250105 0.587785252292475 1.618033988749895 0.951056516295152 1.499999999999997
A 1.314327780297829 1.381966011250105 1.175570504584942 1.190983005625049 0.951056516295152 1.499999999999997
A 1.763355756877410 0.381966011250105 1.538841768587619 0.309016994374948 1.538841768587619 0.690983005625053
U 1.538841768587619 0.309016994374948 1.763355756877410 0.000000000000000 1.538841768587619 0.072949016875158
A 1.763355756877410 0.000000000000000 1.902113032590297 -0.190983005625049 1.538841768587619 -0.309016994374940
U 0.587785252292475 1.618033988749895 0.224513988289790 1.499999999999997 0.363271264002677 1.690983005625053
A 0.363271264002677 1.927050983124841 0.363271264002677 1.690983005625053 0.000000000000000 1.809016994374943
B 1.175570504584942 -0.809016994374944 1.314327780297829 -0.999999999999993 0.951056516295152 -1.118033988749891
V 0.726542528005355 -1.427050983124831 0.363271264002677 -1.309016994374940 0.587785252292475 -1.236067977499782
B 0.951056516295152 -1.499999999999989 0.726542528005355 -1.427050983124831 0.951056516295152 -1.118033988749891
B 0.363271264002677 -1.309016994374940 0.363271264002677 -1.545084971874729 0.000000000000000 -1.427050983124831
V 1.538841768587619 -0.690983005625045 1.175570504584942 -0.809016994374944 1.314327780297829 -0.618033988749887
B 1.763355756877410 -0.618033988749887 1.538841768587619 -0.690983005625045 1.538841768587619 -0.309016994374940
B -0.363271264002677 -1.309016994374940 -0.224513988289790 -1.118033988749891 0.000000000000000 -1.427050983124831
V -0.587785252292475 -0.999999999999993 -0.363271264002677 -1.309016994374940 -0.587785252292475 -1.236067977499782
B -0.587785252292475 -1.236067977499782 -0.726542528005362 -1.427050983124831 -0.951056516295152 -1.118033988749891
B -1.175570504584942 -0.809016994374944 -0.951056516295152 -0.736067977499785 -0.951056516295152 -1.118033988749891
V -1.175570504584942 -0.427050983124838 -1.175570504584942 -0.809016994374944 -1.314327780297829 -0.618033988749887
B -1.314327780297829 -0.618033988749887 -1.538841768587620 -0.690983005625045 -1.538841768587620 -0.309016994374940
B -1.314327780297829 1.000000000000000 -1.175570504584942 0.809016994374951 -1.538841768587620 0.690983005625053
V -0.951056516295152 1.118033988749891 -1.314327780297829 1.000000000000000 -1.175570504584942 1.190983005625049
B -1.175570504584942 1.190983005625049 -1.314327780297829 1.381966011250105 -0.951056516295152 1.499999999999997
B -0.587785252292475 1.618033988749895 -0.587785252292475 1.381966011250105 -0.951056516295152 1.499999999999997
B -1.538841768587620 0.309016994374948 -1.763355756877410 0.381966011250105 -1.538841768587620 0.690983005625053
V -1.763355756877410 0.000000000000000 -1.538841768587620 0.309016994374948 -1.538841768587620 0.072949016875158
B -1.902113032590301 -0.190983005625049 -1.763355756877410 0.000000000000000 -1.538841768587620 -0.309016994374940
V -0.224513988289790 1.499999999999997 -0.587785252292475 1.618033988749895 -0.363271264002677 1.690983005625053
B -0.363271264002677 1.690983005625053 -0.363271264002677 1.927050983124841 0.000000000000000 1.809016994374943
B 1.314327780297829 1.000000000000000 1.538841768587619 1.072949016875158 1.538841768587619 0.690983005625053
V 1.314327780297829 1.381966011250105 1.314327780297829 1.000000000000000 1.175570504584942 1.190983005625049
B 0.587785252292475 1.618033988749895 0.726542528005355 1.809016994374943 0.951056516295152 1.499999999999997
B 1.314327780297829 1.618033988749895 1.314327780297829 1.381966011250105 0.951056516295152 1.499999999999997
B 1.538841768587619 0.309016994374948 1.763355756877410 0.381966011250105 1.763355756877410 0.000000000000000
B 1.902113032590297 0.572949016875162 1.763355756877410 0.381966011250105 1.538841768587619 0.690983005625053
V 1.763355756877410 0.000000000000000 2.126627020880094 -0.118033988749891 1.902113032590297 -0.190983005625049
B 1.902113032590297 -0.190983005625049 1.902113032590297 -0.427050983124838 1.538841768587619 -0.309016994374940
V 0.363271264002677 1.927050983124841 0.587785252292475 1.618033988749895 0.363271264002677 1.690983005625053
B 0.224513988289790 2.118033988749891 0.363271264002677 1.927050983124841 0.000000000000000 1.809016994374943
A 1.314327780297829 -0.999999999999993 1.175570504584942 -0.809016994374944 1.538841768587619 -0.690983005625045
A 1.314327780297829 -0.999999999999993 1.314327780297829 -1.236067977499782 0.951056516295152 -1.118033988749891
A 0.363271264002677 -1.545084971874729 0.363271264002677 -1.309016994374940 0.726542528005355 -1.427050983124831
U 0.951056516295152 -1.736067977499780 0.726542528005355 -1.427050983124831 0.951056516295152 -1.499999999999989
A 1.175570504584942 -1.427050983124831 0.951056516295152 -1.499999999999989 0.951056516295152 -1.118033988749891
A 0.363271264002677 -1.545084971874729 0.224513988289790 -1.736067977499780 0.000000000000000 -1.427050983124831
U 1.902113032590297 -0.809016994374944 1.538841768587619 -0.690983005625045 1.763355756877410 -0.618033988749887
A 1.902113032590297 -0.427050983124838 1.763355756877410 -0.618033988749887 1.538841768587619 -0.309016994374940
A -0.363271264002677 -1.545084971874729 -0.363271264002677 -1.309016994374940 0.000000000000000 -1.427050983124831
U -0.363271264002677 -1.309016994374940 -0.726542528005362 -1.427050983124831 -0.587785252292475 -1.236067977499782
A -0.726542528005362 -1.427050983124831 -0.951056516295152 -1.499999999999989 -0.951056516295152 -1.118033988749891
A -1.314327780297829 -0.999999999999993 -1.175570504584942 -0.809016994374944 -0.951056516295152 -1.118033988749891
U -1.175570504584942 -0.809016994374944 -1.538841768587620 -0.690983005625045 -1.314327780297829 -0.618033988749887
A -1.538841768587620 -0.690983005625045 -1.763355756877410 -0.618033988749887 -1.538841768587620 -0.309016994374940
A -1.538841768587620 1.072949016875158 -1.314327780297829 1.000000000000000 -1.538841768587620 0.690983005625053
U -1.314327780297829 1.000000000000000 -1.314327780297829 1.381966011250105 -1.175570504584942 1.190983005625049
A -1.314327780297829 1.381966011250105 -1.314327780297829 1.618033988749895 -0.951056516295152 1.499999999999997
A -0.726542528005362 1.809016994374943 -0.587785252292475 1.618033988749895 -0.951056516295152 1.499999999999997
A -1.763355756877410 0.381966011250105 -1.538841768587620 0.309016994374948 -1.763355756877410 0.000000000000000
A -1.763355756877410 0.381966011250105 -1.902113032590301 0.572949016875162 -1.538841768587620 0.690983005625053
U -2.126627020880093 -0.118033988749891 -1.763355756877410 0.000000000000000 -1.902113032590301 -0.190983005625049
A -1.902113032590301 -0.427050983124838 -1.902113032590301 -0.190983005625049 -1.538841768587620 -0.309016994374940
U -0.587785252292475 1.618033988749895 -0.363271264002677 1.927050983124841 -0.363271264002677 1.690983005625053
A -0.363271264002677 1.927050983124841 -0.224513988289790 2.118033988749891 0.000000000000000 1.809016994374943
A 1.538841768587619 1.072949016875158 1.314327780297829 1.000000000000000 1.314327780297829 1.381966011250105
A 1.538841768587619 1.072949016875158 1.763355756877410 1.000000000000000 1.538841768587619 0.690983005625053
A 0.726542528005355 1.809016994374943 0.587785252292475 1.618033988749895 0.363271264002677 1.927050983124841
A 0.726542528005355 1.809016994374943 0.951056516295152 1.881966011250102 0.951056516295152 1.499999999999997
U 1.538841768587619 1.690983005625053 1.314327780297829 1.381966011250105 1.314327780297829 1.618033988749895
A 1.175570504584942 1.809016994374943 1.314327780297829 1.618033988749895 0.951056516295152 1.499999999999997
A 1.763355756877410 0.381966011250105 1.987869745167208 0.309016994374948 1.763355756877410 0.000000000000000
U 2.126627020880094 0.500000000000004 1.763355756877410 0.381966011250105 1.902113032590297 0.572949016875162
A 1.902113032590297 0.809016994374951 1.902113032590297 0.572949016875162 1.538841768587619 0.690983005625053
A 2.126627020880094 0.118033988749898 2.126627020880094 -0.118033988749891 1.763355756877410 0.000000000000000
U 2.126627020880094 -0.118033988749891 1.902113032590297 -0.427050983124838 1.902113032590297 -0.190983005625049
U 0.363271264002677 2.309016994374940 0.363271264002677 1.927050983124841 0.224513988289790 2.118033988749891
A 0.000000000000000 2.190983005625049 0.224513988289790 2.118033988749891 0.000000000000000 1.809016994374943
B 1.538841768587619 -1.072949016875151 1.314327780297829 -0.999999999999993 1.538841768587619 -0.690983005625045
V 1.314327780297829 -0.999999999999993 1.538841768587619 -1.309016994374940 1.314327780297829 -1.236067977499782
B 1.314327780297829 -1.236067977499782 1.175570504584942 -1.427050983124831 0.951056516295152 -1.118033988749891
B 0.502028539715564 -1.736067977499780 0.363271264002677 -1.545084971874729 0.726542528005355 -1.427050983124831
B 0.951056516295152 -1.736067977499780 0.726542528005355 -1.809016994374938 0.726542528005355 -1.427050983124831
V 1.175570504584942 -1.427050983124831 0.951056516295152 -1.736067977499780 0.951056516295152 -1.499999999999989
V 0.363271264002677 -1.545084971874729 0.363271264002677 -1.927050983124832 0.224513988289790 -1.736067977499780
B 0.224513988289790 -1.736067977499780 0.000000000000000 -1.809016994374938 0.000000000000000 -1.427050983124831
B 1.902113032590297 -0.809016994374944 1.763355756877410 -0.999999999999993 1.538841768587619 -0.690983005625045
V 1.902113032590297 -0.427050983124838 1.902113032590297 -0.809016994374944 1.763355756877410 -0.618033988749887
B -0.363271264002677 -1.309016994374940 -0.363271264002677 -1.545084971874729 -0.726542528005362 -1.427050983124831
B -0.224513988289790 -1.736067977499780 -0.363271264002677 -1.545084971874729 0.000000000000000 -1.427050983124831
V -0.726542528005362 -1.427050983124831 -0.951056516295152 -1.736067977499780 -0.951056516295152 -1.499999999999989
B -0.951056516295152 -1.499999999999989 -1.175570504584942 -1.427050983124831 -0.951056516295152 -1.118033988749891
B -1.175570504584942 -0.809016994374944 -1.314327780297829 -0.999999999999993 -1.538841768587620 -0.690983005625045
B -1.314327780297829 -1.236067977499782 -1.314327780297829 -0.999999999999993 -0.951056516295152 -1.118033988749891
V -1.538841768587620 -0.690983005625045 -1.902113032590301 -0.809016994374944 -1.763355756877410 -0.618033988749887
B -1.763355756877410 -0.618033988749887 -1.902113032590301 -0.427050983124838 -1.538841768587620 -0.309016994374940
B -1.314327780297829 1.000000000000000 -1.538841768587620 1.072949016875158 -1.314327780297829 1.381966011250105
B -1.763355756877410 1.000000000000000 -1.538841768587620 1.072949016875158 -1.538841768587620 0.690983005625053
V -1.314327780297829 1.381966011250105 -1.538841768587620 1.690983005625053 -1.314327780297829 1.618033988749895
B -1.314327780297829 1.618033988749895 -1.175570504584942 1.809016994374943 -0.951056516295152 1.499999999999997
B -0.587785252292475 1.618033988749895 -0.726542528005362 1.809016994374943 -0.363271264002677 1.927050983124841
B -0.951056516295152 1.881966011250102 -0.726542528005362 1.809016994374943 -0.951056516295152 1.499999999999997
B -1.987869745167206 0.309016994374948 -1.763355756877410 0.381966011250105 -1.763355756877410 0.000000000000000
V -1.763355756877410 0.381966011250105 -2.126627020880093 0.500000000000004 -1.902113032590301 0.572949016875162
B -1.902113032590301 0.572949016875162 -1.902113032590301 0.809016994374951 -1.538841768587620 0.690983005625053
B -2.126627020880093 -0.118033988749891 -2.126627020880093 0.118033988749898 -1.763355756877410 0.000000000000000
V -1.902113032590301 -0.427050983124838 -2.126627020880093 -0.118033988749891 -1.902113032590301 -0.190983005625049
V -0.363271264002677 1.927050983124841 -0.363271264002677 2.309016994374940 -0.224513988289790 2.118033988749891
B -0.224513988289790 2.118033988749891 0.000000000000000 2.190983005625049 0.000000000000000 1.809016994374943
B 1.677599044300507 1.263932022500207 1.538841768587619 1.072949016875158 1.314327780297829 1.381966011250105
V 1.538841768587619 1.072949016875158 1.902113032590297 1.190983005625049 1.763355756877410 1.000000000000000
B 1.763355756877410 1.000000000000000 1.902113032590297 0.809016994374951 1.538841768587619 0.690983005625053
B 0.726542528005355 2.045084971874733 0.726542528005355 1.809016994374943 0.363271264002677 1.927050983124841
V 0.726542528005355 1.809016994374943 0.951056516295152 2.118033988749891 0.951056516295152 1.881966011250102
B 0.951056516295152 1.881966011250102 1.175570504584942 1.809016994374943 0.951056516295152 1.499999999999997
B 1.538841768587619 1.690983005625053 1.677599044300507 1.499999999999997 1.314327780297829 1.381966011250105
V 1.175570504584942 1.809016994374943 1.538841768587619 1.690983005625053 1.314327780297829 1.618033988749895
V 1.763355756877410 0.381966011250105 2.126627020880094 0.500000000000004 1.987869745167208 0.309016994374948
B 1.987869745167208 0.309016994374948 2.126627020880094 0.118033988749898 1.763355756877410 0.000000000000000
V 1.902113032590297 0.809016994374951 2.126627020880094 0.500000000000004 1.902113032590297 0.572949016875162
B 2.126627020880094 -0.118033988749891 2.126627020880094 0.118033988749898 2.489898284882772 0.000000000000000
B 2.126627020880094 -0.118033988749891 2.265384296592982 -0.309016994374940 1.902113032590297 -0.427050983124838
B 0.363271264002677 2.309016994374940 0.587785252292475 2.236067977499781 0.363271264002677 1.927050983124841
V 0.000000000000000 2.190983005625049 0.363271264002677 2.309016994374940 0.224513988289790 2.118033988749891
U 1.538841768587619 -1.309016994374940 1.314327780297829 -0.999999999999993 1.538841768587619 -1.072949016875151
A 1.763355756877410 -0.999999999999993 1.538841768587619 -1.072949016875151 1.538841768587619 -0.690983005625045
U 1.538841768587619 -1.309016994374940 1.175570504584942 -1.427050983124831 1.314327780297829 -1.236067977499782
U 0.363271264002677 -1.927050983124832 0.363271264002677 -1.545084971874729 0.502028539715564 -1.736067977499780
A 0.726542528005355 -1.809016994374938 0.502028539715564 -1.736067977499780 0.726542528005355 -1.427050983124831
A 0.726542528005355 -1.809016994374938 0.951056516295152 -1.736067977499780 0.951056516295152 -2.118033988749885
A 1.175570504584942 -1.809016994374938 0.951056516295152 -1.736067977499780 1.175570504584942 -1.427050983124831
U 0.363271264002677 -1.927050983124832 0.000000000000000 -1.809016994374938 0.224513988289790 -1.736067977499780
A 0.000000000000000 -1.809016994374938 -0.224513988289790 -1.736067977499780 0.000000000000000 -1.427050983124831
A 1.763355756877410 -0.999999999999993 1.902113032590297 -0.809016994374944 2.126627020880094 -1.118033988749891
A 2.126627020880094 -0.736067977499785 1.902113032590297 -0.809016994374944 1.902113032590297 -0.427050983124838
A -0.363271264002677 -1.545084971874729 -0.502028539715564 -1.736067977499780 -0.726542528005362 -1.427050983124831
U -0.363271264002677 -1.927050983124832 -0.363271264002677 -1.545084971874729 -0.224513988289790 -1.736067977499780
A -0.726542528005362 -1.809016994374938 -0.951056516295152 -1.736067977499780 -0.726542528005362 -1.427050983124831
U -0.951056516295152 -1.736067977499780 -1.175570504584942 -1.427050983124831 -0.951056516295152 -1.499999999999989
A -1.175570504584942 -1.427050983124831 -1.314327780297829 -1.236067977499782 -0.951056516295152 -1.118033988749891
A -1.314327780297829 -0.999999999999993 -1.538841768587620 -1.072949016875151 -1.538841768587620 -0.690983005625045
U -1.538841768587620 -1.309016994374940 -1.314327780297829 -0.999999999999993 -1.314327780297829 -1.236067977499782
A -1.763355756877410 -0.999999999999993 -1.902113032590301 -0.809016994374944 -1.538841768587620 -0.690983005625045
U -1.902113032590301 -0.809016994374944 -1.902113032590301 -0.427050983124838 -1.763355756877410 -0.618033988749887
A -1.538841768587620 1.072949016875158 -1.677599044300507 1.263932022500207 -1.314327780297829 1.381966011250105
U -1.902113032590301 1.190983005625049 -1.538841768587620 1.072949016875158 -1.763355756877410 1.000000000000000
A -1.902113032590301 0.809016994374951 -1.763355756877410 1.000000000000000 -1.538841768587620 0.690983005625053
A -1.677599044300507 1.499999999999997 -1.538841768587620 1.690983005625053 -1.314327780297829 1.381966011250105
U -1.538841768587620 1.690983005625053 -1.175570504584942 1.809016994374943 -1.314327780297829 1.618033988749895
A -1.175570504584942 1.809016994374943 -0.951056516295152 1.881966011250102 -0.951056516295152 1.499999999999997
A -0.726542528005362 1.809016994374943 -0.726542528005362 2.045084971874733 -0.363271264002677 1.927050983124841
U -0.951056516295152 2.118033988749891 -0.726542528005362 1.809016994374943 -0.951056516295152 1.881966011250102
U -2.126627020880093 0.500000000000004 -1.763355756877410 0.381966011250105 -1.987869745167206 0.309016994374948
A -2.126627020880093 0.118033988749898 -1.987869745167206 0.309016994374948 -1.763355756877410 0.000000000000000
U -2.126627020880093 0.500000000000004 -1.902113032590301 0.809016994374951 -1.902113032590301 0.572949016875162
A -2.126627020880093 0.118033988749898 -2.126627020880093 -0.118033988749891 -2.489898284882772 0.000000000000000
A -2.265384296592980 -0.309016994374940 -2.126627020880093 -0.118033988749891 -1.902113032590301 -0.427050983124838
A -0.587785252292475 2.236067977499781 -0.363271264002677 2.309016994374940 -0.363271264002677 1.927050983124841
U -0.363271264002677 2.309016994374940 0.000000000000000 2.190983005625049 -0.224513988289790 2.118033988749891
U 1.902113032590297 1.190983005625049 1.538841768587619 1.072949016875158 1.677599044300507 1.263932022500207
A 1.677599044300507 1.499999999999997 1.677599044300507 1.263932022500207 1.314327780297829 1.381966011250105
U 1.902113032590297 1.190983005625049 1.902113032590297 0.809016994374951 1.763355756877410 1.000000000000000
U 0.951056516295152 2.118033988749891 0.726542528005355 1.809016994374943 0.726542528005355 2.045084971874733
A 0.587785252292475 2.236067977499781 0.726542528005355 2.045084971874733 0.363271264002677 1.927050983124841
U 0.951056516295152 2.118033988749891 1.175570504584942 1.809016994374943 0.951056516295152 1.881966011250102
A 1.677599044300507 1.499999999999997 1.538841768587619 1.690983005625053 1.902113032590297 1.809016994374943
A 1.538841768587619 1.927050983124841 1.538841768587619 1.690983005625053 1.175570504584942 1.809016994374943
U 2.126627020880094 0.500000000000004 2.126627020880094 0.118033988749898 1.987869745167208 0.309016994374948
A 2.265384296592982 0.690983005625053 2.126627020880094 0.500000000000004 1.902113032590297 0.809016994374951
A 2.126627020880094 0.118033988749898 2.265384296592982 0.309016994374948 2.489898284882772 0.000000000000000
A 2.265384296592982 -0.309016994374940 2.126627020880094 -0.118033988749891 2.489898284882772 0.000000000000000
A 2.265384296592982 -0.309016994374940 2.265384296592982 -0.545084971874729 1.902113032590297 -0.427050983124838
A 0.587785252292475 2.236067977499781 0.363271264002677 2.309016994374940 0.587785252292475 2.618033988749887
A 0.224513988289790 2.499999999999996 0.363271264002677 2.309016994374940 0.000000000000000 2.190983005625049
V 1.763355756877410 -0.999999999999993 1.538841768587619 -1.309016994374940 1.538841768587619 -1.072949016875151
B 1.538841768587619 -1.309016994374940 1.538841768587619 -1.545084971874729 1.175570504584942 -1.427050983124831
V 0.726542528005355 -1.809016994374938 0.363271264002677 -1.927050983124832 0.502028539715564 -1.736067977499780
B 0.951056516295152 -1.736067977499780 1.175570504584942 -1.809016994374938 0.951056516295152 -2.118033988749885
B 0.587785252292475 -1.999999999999990 0.726542528005355 -1.809016994374938 0.951056516295152 -2.118033988749885
B 1.400084492874733 -1.736067977499780 1.175570504584942 -1.809016994374938 1.175570504584942 -1.427050983124831
B 0.363271264002677 -1.927050983124832 0.224513988289790 -2.118033988749885 0.000000000000000 -1.809016994374938
V 0.000000000000000 -1.809016994374938 -0.363271264002677 -1.927050983124832 -0.224513988289790 -1.736067977499780
B 1.902113032590297 -0.809016994374944 2.126627020880094 -0.736067977499785 2.126627020880094 -1.118033988749891
B 1.763355756877410 -1.236067977499782 1.763355756877410 -0.999999999999993 2.126627020880094 -1.118033988749891
B 2.265384296592982 -0.545084971874729 2.126627020880094 -0.736067977499785 1.902113032590297 -0.427050983124838
V -0.363271264002677 -1.545084971874729 -0.363271264002677 -1.927050983124832 -0.502028539715564 -1.736067977499780
B -0.502028539715564 -1.736067977499780 -0.726542528005362 -1.809016994374938 -0.726542528005362 -1.427050983124831
B -0.951056516295152 -1.736067977499780 -0.726542528005362 -1.809016994374938 -0.951056516295152 -2.118033988749885
B -0.951056516295152 -1.736067977499780 -1.175570504584942 -1.809016994374938 -1.175570504584942 -1.427050983124831
V -1.175570504584942 -1.427050983124831 -1.538841768587620 -1.309016994374940 -1.314327780297829 -1.236067977499782
V -1.314327780297829 -0.999999999999993 -1.538841768587620 -1.309016994374940 -1.538841768587620 -1.072949016875151
B -1.538841768587620 -1.072949016875151 -1.763355756877410 -0.999999999999993 -1.538841768587620 -0.690983005625045
B -1.902113032590301 -0.809016994374944 -1.763355756877410 -0.999999999999993 -2.126627020880093 -1.118033988749891
B -1.902113032590301 -0.809016994374944 -2.126627020880093 -0.736067977499785 -1.902113032590301 -0.427050983124838
V -1.538841768587620 1.072949016875158 -1.902113032590301 1.190983005625049 -1.677599044300507 1.263932022500207
B -1.677599044300507 1.263932022500207 -1.677599044300507 1.499999999999997 -1.314327780297829 1.381966011250105
V -1.902113032590301 0.809016994374951 -1.902113032590301 1.190983005625049 -1.763355756877410 1.000000000000000
B -1.538841768587620 1.690983005625053 -1.677599044300507 1.499999999999997 -1.902113032590301 1.809016994374943
B -1.538841768587620 1.690983005625053 -1.538841768587620 1.927050983124841 -1.175570504584942 1.809016994374943
V -1.175570504584942 1.809016994374943 -0.951056516295152 2.118033988749891 -0.951056516295152 1.881966011250102
V -0.726542528005362 1.809016994374943 -0.951056516295152 2.118033988749891 -0.726542528005362 2.045084971874733
B -0.726542528005362 2.045084971874733 -0.587785252292475 2.236067977499781 -0.363271264002677 1.927050983124841
V -2.126627020880093 0.118033988749898 -2.126627020880093 0.500000000000004 -1.987869745167206 0.309016994374948
B -2.126627020880093 0.500000000000004 -2.265384296592980 0.690983005625053 -1.902113032590301 0.809016994374951
B -2.126627020880093 -0.118033988749891 -2.265384296592980 -0.309016994374940 -2.489898284882772 0.000000000000000
B -2.265384296592980 0.309016994374948 -2.126627020880093 0.118033988749898 -2.489898284882772 0.000000000000000
B -2.265384296592980 -0.545084971874729 -2.265384296592980 -0.309016994374940 -1.902113032590301 -0.427050983124838
B -0.363271264002677 2.309016994374940 -0.587785252292475 2.236067977499781 -0.587785252292475 2.618033988749887
B -0.363271264002677 2.309016994374940 -0.224513988289790 2.499999999999996 0.000000000000000 2.190983005625049
V 1.677599044300507 1.499999999999997 1.902113032590297 1.190983005625049 1.677599044300507 1.263932022500207
B 1.902113032590297 1.190983005625049 2.126627020880094 1.118033988749891 1.902113032590297 0.809016994374951
V 0.587785252292475 2.236067977499781 0.951056516295152 2.118033988749891 0.726542528005355 2.045084971874733
B 0.951056516295152 2.118033988749891 1.175570504584942 2.190983005625049 1.175570504584942 1.809016994374943
B 1.538841768587619 1.690983005625053 1.538841768587619 1.927050983124841 1.902113032590297 1.809016994374943
B 1.902113032590297 1.427050983124838 1.677599044300507 1.499999999999997 1.902113032590297 1.809016994374943
B 1.400084492874733 2.118033988749891 1.538841768587619 1.927050983124841 1.175570504584942 1.809016994374943
V 2.126627020880094 0.118033988749898 2.126627020880094 0.500000000000004 2.265384296592982 0.309016994374948
B 2.126627020880094 0.500000000000004 2.265384296592982 0.690983005625053 2.489898284882772 0.381966011250105
B 2.265384296592982 0.927050983124842 2.265384296592982 0.690983005625053 1.902113032590297 0.809016994374951
B 2.265384296592982 0.309016994374948 2.489898284882772 0.381966011250105 2.489898284882772 0.000000000000000
B 2.489898284882772 -0.381966011250098 2.265384296592982 -0.309016994374940 2.489898284882772 0.000000000000000
V 2.265384296592982 -0.309016994374940 2.489898284882772 -0.618033988749887 2.265384296592982 -0.545084971874729
B 0.363271264002677 2.309016994374940 0.224513988289790 2.499999999999996 0.587785252292475 2.618033988749887
B 0.812299240582265 2.309016994374940 0.587785252292475 2.236067977499781 0.587785252292475 2.618033988749887
B 0.000000000000000 2.572949016875155 0.224513988289790 2.499999999999996 0.000000000000000 2.190983005625049
U 1.538841768587619 -1.309016994374940 1.763355756877410 -0.999999999999993 1.763355756877410 -1.236067977499782
A 1.538841768587619 -1.545084971874729 1.538841768587619 -1.309016994374940 1.902113032590297 -1.427050983124831
A 1.538841768587619 -1.545084971874729 1.400084492874733 -1.736067977499780 1.175570504584942 -1.427050983124831
U 0.363271264002677 -1.927050983124832 0.726542528005355 -1.809016994374938 0.587785252292475 -1.999999999999990
A 1.175570504584942 -1.809016994374938 1.314327780297829 -1.999999999999990 0.951056516295152 -2.118033988749885
A 0.587785252292475 -2.236067977499779 0.587785252292475 -1.999999999999990 0.951056516295152 -2.118033988749885
U 1.538841768587619 -1.927050983124832 1.175570504584942 -1.809016994374938 1.400084492874733 -1.736067977499780
A 0.224513988289790 -2.118033988749885 0.363271264002677 -1.927050983124832 0.587785252292475 -2.236067977499779
A 0.224513988289790 -2.118033988749885 0.000000000000000 -2.190983005625042 0.000000000000000 -1.809016994374938
A -0.224513988289790 -2.118033988749885 -0.363271264002677 -1.927050983124832 0.000000000000000 -1.809016994374938
A 2.126627020880094 -0.736067977499785 2.351141009169885 -0.809016994374944 2.126627020880094 -1.118033988749891
A 1.902113032590297 -1.427050983124831 1.763355756877410 -1.236067977499782 2.126627020880094 -1.118033988749891
U 2.489898284882772 -0.618033988749887 2.126627020880094 -0.736067977499785 2.265384296592982 -0.545084971874729
U -0.363271264002677 -1.927050983124832 -0.726542528005362 -1.809016994374938 -0.502028539715564 -1.736067977499780
A -0.726542528005362 -1.809016994374938 -0.587785252292475 -1.999999999999990 -0.951056516295152 -2.118033988749885
A -1.175570504584942 -1.809016994374938 -0.951056516295152 -1.736067977499780 -0.951056516295152 -2.118033988749885
A -1.175570504584942 -1.809016994374938 -1.400084492874732 -1.736067977499780 -1.175570504584942 -1.427050983124831
A -1.538841768587620 -1.545084971874729 -1.538841768587620 -1.309016994374940 -1.175570504584942 -1.427050983124831
U -1.538841768587620 -1.309016994374940 -1.763355756877410 -0.999999999999993 -1.538841768587620 -1.072949016875151
A -1.763355756877410 -0.999999999999993 -1.763355756877410 -1.236067977499782 -2.126627020880093 -1.118033988749891
A -2.126627020880093 -0.736067977499785 -1.902113032590301 -0.809016994374944 -2.126627020880093 -1.118033988749891
A -2.126627020880093 -0.736067977499785 -2.265384296592980 -0.545084971874729 -1.902113032590301 -0.427050983124838
U -1.902113032590301 1.190983005625049 -1.677599044300507 1.499999999999997 -1.677599044300507 1.263932022500207
A -2.126627020880093 1.118033988749891 -1.902113032590301 1.190983005625049 -1.902113032590301 0.809016994374951
A -1.677599044300507 1.499999999999997 -1.902113032590301 1.427050983124838 -1.902113032590301 1.809016994374943
A -1.538841768587620 1.927050983124841 -1.538841768587620 1.690983005625053 -1.902113032590301 1.809016994374943
A -1.538841768587620 1.927050983124841 -1.400084492874732 2.118033988749891 -1.175570504584942 1.809016994374943
A -1.175570504584942 2.190983005625049 -0.951056516295152 2.118033988749891 -1.175570504584942 1.809016994374943
U -0.951056516295152 2.118033988749891 -0.587785252292475 2.236067977499781 -0.726542528005362 2.045084971874733
U -2.126627020880093 0.500000000000004 -2.126627020880093 0.118033988749898 -2.265384296592980 0.309016994374948
A -2.265384296592980 0.690983005625053 -2.126627020880093 0.500000000000004 -2.489898284882772 0.381966011250105
A -2.265384296592980 0.690983005625053 -2.265384296592980 0.927050983124842 -1.902113032590301 0.809016994374951
A -2.265384296592980 -0.309016994374940 -2.489898284882772 -0.381966011250098 -2.489898284882772 0.000000000000000
A -2.489898284882772 0.381966011250105 -2.265384296592980 0.309016994374948 -2.489898284882772 0.000000000000000
U -2.489898284882772 -0.618033988749887 -2.265384296592980 -0.309016994374940 -2.265384296592980 -0.545084971874729
A -0.587785252292475 2.236067977499781 -0.812299240582265 2.309016994374940 -0.587785252292475 2.618033988749887
A -0.224513988289790 2.499999999999996 -0.363271264002677 2.309016994374940 -0.587785252292475 2.618033988749887
A -0.224513988289790 2.499999999999996 0.000000000000000 2.572949016875155 0.000000000000000 2.190983005625049
U 1.902113032590297 1.190983005625049 1.677599044300507 1.499999999999997 1.902113032590297 1.427050983124838
A 2.126627020880094 1.118033988749891 1.902113032590297 1.190983005625049 2.126627020880094 1.499999999999997
A 2.126627020880094 1.118033988749891 2.265384296592982 0.927050983124842 1.902113032590297 0.809016994374951
U 0.951056516295152 2.118033988749891 0.587785252292475 2.236067977499781 0.812299240582265 2.309016994374940
A 1.175570504584942 2.190983005625049 0.951056516295152 2.118033988749891 0.951056516295152 2.499999999999996
A 1.175570504584942 2.190983005625049 1.400084492874733 2.118033988749891 1.175570504584942 1.809016994374943
A 1.538841768587619 1.927050983124841 1.677599044300507 2.118033988749891 1.902113032590297 1.809016994374943
A 2.126627020880094 1.499999999999997 1.902113032590297 1.427050983124838 1.902113032590297 1.809016994374943
U 1.538841768587619 2.309016994374940 1.538841768587619 1.927050983124841 1.400084492874733 2.118033988749891
U 2.126627020880094 0.500000000000004 2.489898284882772 0.381966011250105 2.265384296592982 0.309016994374948
A 2.265384296592982 0.690983005625053 2.489898284882772 0.763932022500211 2.489898284882772 0.381966011250105
U 2.489898284882772 1.000000000000000 2.265384296592982 0.690983005625053 2.265384296592982 0.927050983124842
U 2.489898284882772 -0.618033988749887 2.265384296592982 -0.309016994374940 2.489898284882772 -0.381966011250098
A 0.224513988289790 2.499999999999996 0.224513988289790 2.736067977499786 0.587785252292475 2.618033988749887
A 0.951056516295152 2.499999999999996 0.812299240582265 2.309016994374940 0.587785252292475 2.618033988749887
U 0.000000000000000 2.809016994374943 0.224513988289790 2.499999999999996 0.000000000000000 2.572949016875155
V 1.902113032590297 -1.427050983124831 1.538841768587619 -1.309016994374940 1.763355756877410 -1.236067977499782
B 1.677599044300507 -1.736067977499780 1.538841768587619 -1.545084971874729 1.902113032590297 -1.427050983124831
V 1.538841768587619 -1.545084971874729 1.538841768587619 -1.927050983124832 1.400084492874733 -1.736067977499780
V 0.587785252292475 -2.236067977499779 0.363271264002677 -1.927050983124832 0.587785252292475 -1.999999999999990
V 1.175570504584942 -1.809016994374938 1.538841768587619 -1.927050983124832 1.314327780297829 -1.999999999999990
B 0.224513988289790 -2.354101966249674 0.224513988289790 -2.118033988749885 0.587785252292475 -2.236067977499779
V 0.224513988289790 -2.118033988749885 0.000000000000000 -2.427050983124831 0.000000000000000 -2.190983005625042
B 0.000000000000000 -2.190983005625042 -0.224513988289790 -2.118033988749885 0.000000000000000 -1.809016994374938
B -0.363271264002677 -1.927050983124832 -0.224513988289790 -2.118033988749885 -0.587785252292475 -2.236067977499779
V 2.126627020880094 -0.736067977499785 2.489898284882772 -0.618033988749887 2.351141009169885 -0.809016994374944
V -0.726542528005362 -1.809016994374938 -0.363271264002677 -1.927050983124832 -0.587785252292475 -1.999999999999990
B -0.587785252292475 -1.999999999999990 -0.587785252292475 -2.236067977499779 -0.951056516295152 -2.118033988749885
B -1.314327780297829 -1.999999999999990 -1.175570504584942 -1.809016994374938 -0.951056516295152 -2.118033988749885
V -1.175570504584942 -1.809016994374938 -1.538841768587620 -1.927050983124832 -1.400084492874732 -1.736067977499780
B -1.400084492874732 -1.736067977499780 -1.538841768587620 -1.545084971874729 -1.175570504584942 -1.427050983124831
B -1.538841768587620 -1.309016994374940 -1.538841768587620 -1.545084971874729 -1.902113032590301 -1.427050983124831
V -1.763355756877410 -0.999999999999993 -1.538841768587620 -1.309016994374940 -1.763355756877410 -1.236067977499782
B -1.763355756877410 -1.236067977499782 -1.902113032590301 -1.427050983124831 -2.126627020880093 -1.118033988749891
B -2.351141009169885 -0.809016994374944 -2.126627020880093 -0.736067977499785 -2.126627020880093 -1.118033988749891
V -2.126627020880093 -0.736067977499785 -2.489898284882772 -0.618033988749887 -2.265384296592980 -0.545084971874729
V -1.677599044300507 1.499999999999997 -1.902113032590301 1.190983005625049 -1.902113032590301 1.427050983124838
B -1.902113032590301 1.190983005625049 -2.126627020880093 1.118033988749891 -2.126627020880093 1.499999999999997
B -2.265384296592980 0.927050983124842 -2.126627020880093 1.118033988749891 -1.902113032590301 0.809016994374951
B -1.902113032590301 1.427050983124838 -2.126627020880093 1.499999999999997 -1.902113032590301 1.809016994374943
B -1.677599044300507 2.118033988749891 -1.538841768587620 1.927050983124841 -1.902113032590301 1.809016994374943
V -1.538841768587620 1.927050983124841 -1.538841768587620 2.309016994374940 -1.400084492874732 2.118033988749891
B -1.400084492874732 2.118033988749891 -1.175570504584942 2.190983005625049 -1.175570504584942 1.809016994374943
B -0.951056516295152 2.118033988749891 -1.175570504584942 2.190983005625049 -0.951056516295152 2.499999999999996
V -0.587785252292475 2.236067977499781 -0.951056516295152 2.118033988749891 -0.812299240582265 2.309016994374940
V -2.489898284882772 0.381966011250105 -2.126627020880093 0.500000000000004 -2.265384296592980 0.309016994374948
B -2.489898284882772 0.763932022500211 -2.265384296592980 0.690983005625053 -2.489898284882772 0.381966011250105
V -2.265384296592980 0.690983005625053 -2.489898284882772 1.000000000000000 -2.265384296592980 0.927050983124842
V -2.265384296592980 -0.309016994374940 -2.489898284882772 -0.618033988749887 -2.489898284882772 -0.381966011250098
B -0.812299240582265 2.309016994374940 -0.951056516295152 2.499999999999996 -0.587785252292475 2.618033988749887
B -0.224513988289790 2.736067977499786 -0.224513988289790 2.499999999999996 -0.587785252292475 2.618033988749887
V -0.224513988289790 2.499999999999996 0.000000000000000 2.809016994374943 0.000000000000000 2.572949016875155
V 2.126627020880094 1.499999999999997 1.902113032590297 1.190983005625049 1.902113032590297 1.427050983124838
B 2.351141009169885 1.190983005625049 2.126627020880094 1.118033988749891 2.126627020880094 1.499999999999997
V 2.126627020880094 1.118033988749891 2.489898284882772 1.000000000000000 2.265384296592982 0.927050983124842
V 0.951056516295152 2.499999999999996 0.951056516295152 2.118033988749891 0.812299240582265 2.309016994374940
B 1.314327780297829 2.381966011250098 1.175570504584942 2.190983005625049 0.951056516295152 2.499999999999996
V 1.175570504584942 2.190983005625049 1.538841768587619 2.309016994374940 1.400084492874733 2.118033988749891
V 1.538841768587619 1.927050983124841 1.538841768587619 2.309016994374940 1.677599044300507 2.118033988749891
V 2.265384296592982 0.690983005625053 2.489898284882772 1.000000000000000 2.489898284882772 0.763932022500211
V 0.224513988289790 2.499999999999996 0.000000000000000 2.809016994374943 0.224513988289790 2.736067977499786
U 1.538841768587619 -1.927050983124832 1.538841768587619 -1.545084971874729 1.677599044300507 -1.736067977499780
U 0.000000000000000 -2.427050983124831 0.224513988289790 -2.118033988749885 0.224513988289790 -2.354101966249674
U 0.000000000000000 -2.427050983124831 -0.224513988289790 -2.118033988749885 0.000000000000000 -2.190983005625042
A -0.224513988289790 -2.118033988749885 -0.224513988289790 -2.354101966249674 -0.587785252292475 -2.236067977499779
U -0.363271264002677 -1.927050983124832 -0.587785252292475 -2.236067977499779 -0.587785252292475 -1.999999999999990
U -1.538841768587620 -1.927050983124832 -1.175570504584942 -1.809016994374938 -1.314327780297829 -1.999999999999990
U -1.538841768587620 -1.927050983124832 -1.538841768587620 -1.545084971874729 -1.400084492874732 -1.736067977499780
A -1.538841768587620 -1.545084971874729 -1.677599044300507 -1.736067977499780 -1.902113032590301 -1.427050983124831
U -1.538841768587620 -1.309016994374940 -1.902113032590301 -1.427050983124831 -1.763355756877410 -1.236067977499782
U -2.489898284882772 -0.618033988749887 -2.126627020880093 -0.736067977499785 -2.351141009169885 -0.809016994374944
U -1.902113032590301 1.190983005625049 -2.126627020880093 1.499999999999997 -1.902113032590301 1.427050983124838
A -2.126627020880093 1.118033988749891 -2.351141009169885 1.190983005625049 -2.126627020880093 1.499999999999997
U -2.489898284882772 1.000000000000000 -2.126627020880093 1.118033988749891 -2.265384296592980 0.927050983124842
U -1.538841768587620 2.309016994374940 -1.538841768587620 1.927050983124841 -1.677599044300507 2.118033988749891
U -1.538841768587620 2.309016994374940 -1.175570504584942 2.190983005625049 -1.400084492874732 2.118033988749891
A -1.175570504584942 2.190983005625049 -1.314327780297829 2.381966011250098 -0.951056516295152 2.499999999999996
U -0.951056516295152 2.118033988749891 -0.951056516295152 2.499999999999996 -0.812299240582265 2.309016994374940
U -2.489898284882772 1.000000000000000 -2.265384296592980 0.690983005625053 -2.489898284882772 0.763932022500211
U 0.000000000000000 2.809016994374943 -0.224513988289790 2.499999999999996 -0.224513988289790 2.736067977499786
U 2.489898284882772 1.000000000000000 2.126627020880094 1.118033988749891 2.351141009169885 1.190983005625049
U 1.538841768587619 2.309016994374940 1.175570504584942 2.190983005625049 1.314327780297829 2.381966011250098
V -0.224513988289790 -2.118033988749885 0.000000000000000 -2.427050983124831 -0.224513988289790 -2.354101966249674
V -1.538841768587620 -1.545084971874729 -1.538841768587620 -1.927050983124832 -1.677599044300507 -1.736067977499780
V -2.126627020880093 1.118033988749891 -2.489898284882772 1.000000000000000 -2.351141009169885 1.190983005625049
V -1.175570504584942 2.190983005625049 -1.538841768587620 2.309016994374940 -1.314327780297829 2.381966011250098
